-2.299428000E+00	-2.636830000E+00	-9.357377000E+00	1.147079000E+00	resonant
-4.245706000E-03	-2.657286000E+00	-9.351852000E+00	1.147079000E+00	resonant
2.293781000E+00	-2.649172000E+00	-9.365344000E+00	1.147079000E+00	resonant
-3.438033000E+00	-6.685851000E-01	-9.313501000E+00	1.147079000E+00	resonant
-1.149754000E+00	-6.612092000E-01	-9.362170000E+00	1.147079000E+00	resonant
1.145499000E+00	-6.645666000E-01	-9.363211000E+00	1.147079000E+00	resonant
3.440621000E+00	-6.634010000E-01	-9.359093000E+00	1.147079000E+00	resonant
-2.293756000E+00	1.324669000E+00	-9.365348000E+00	1.147079000E+00	resonant
1.048445000E-04	1.323726000E+00	-9.363490000E+00	1.147079000E+00	resonant
2.296051000E+00	1.322866000E+00	-9.360935000E+00	1.147079000E+00	resonant
-1.147651000E+00	3.311586000E+00	-9.363388000E+00	1.147079000E+00	resonant
1.152930000E+00	3.308022000E+00	-9.359389000E+00	1.147079000E+00	resonant
-1.145685000E+00	-5.937957000E+00	-7.453735000E+00	1.147079000E+00	resonant
1.145950000E+00	-5.958951000E+00	-7.490768000E+00	1.147079000E+00	resonant
-4.552371000E+00	-3.949977000E+00	-7.473403000E+00	1.147079000E+00	resonant
-2.292029000E+00	-3.970565000E+00	-7.488341000E+00	1.147079000E+00	resonant
1.151900000E-03	-3.973493000E+00	-7.491250000E+00	1.147079000E+00	resonant
2.293521000E+00	-3.973535000E+00	-7.487349000E+00	1.147079000E+00	resonant
4.599387000E+00	-3.955685000E+00	-7.484274000E+00	1.147079000E+00	resonant
-5.732326000E+00	-1.984641000E+00	-7.491979000E+00	1.147079000E+00	resonant
-3.440408000E+00	-1.987184000E+00	-7.490215000E+00	1.147079000E+00	resonant
-1.143901000E+00	-1.987059000E+00	-7.489550000E+00	1.147079000E+00	resonant
1.141825000E+00	-1.993929000E+00	-7.478227000E+00	1.147079000E+00	resonant
3.440771000E+00	-1.986223000E+00	-7.491662000E+00	1.147079000E+00	resonant
5.733694000E+00	-1.987199000E+00	-7.489287000E+00	1.147079000E+00	resonant
-4.588423000E+00	6.805574000E-04	-7.491209000E+00	1.147079000E+00	resonant
-2.293897000E+00	-1.456735000E-04	-7.492348000E+00	1.147079000E+00	resonant
-2.542567000E-05	-1.960321000E-05	-7.492348000E+00	1.147079000E+00	resonant
2.293955000E+00	-1.784951000E-05	-7.492142000E+00	1.147079000E+00	resonant
4.587293000E+00	-5.668727000E-04	-7.490666000E+00	1.147079000E+00	resonant
-5.734806000E+00	1.986779000E+00	-7.492375000E+00	1.147079000E+00	resonant
-3.442434000E+00	1.984498000E+00	-7.488621000E+00	1.147079000E+00	resonant
-1.146343000E+00	1.985536000E+00	-7.492257000E+00	1.147079000E+00	resonant
1.136829000E+00	1.981361000E+00	-7.476260000E+00	1.147079000E+00	resonant
3.440323000E+00	1.985543000E+00	-7.490922000E+00	1.147079000E+00	resonant
5.736192000E+00	1.986062000E+00	-7.491560000E+00	1.147079000E+00	resonant
-4.585923000E+00	3.972336000E+00	-7.489944000E+00	1.147079000E+00	resonant
-2.294341000E+00	3.975439000E+00	-7.490593000E+00	1.147079000E+00	resonant
1.241098000E-04	3.973199000E+00	-7.492123000E+00	1.147079000E+00	resonant
2.294851000E+00	3.973702000E+00	-7.491098000E+00	1.147079000E+00	resonant
4.585246000E+00	3.971304000E+00	-7.486637000E+00	1.147079000E+00	resonant
-1.146673000E+00	5.960138000E+00	-7.491401000E+00	1.147079000E+00	resonant
1.147085000E+00	5.960401000E+00	-7.491668000E+00	1.147079000E+00	resonant
-4.590426000E+00	-6.610973000E+00	-5.619586000E+00	1.147079000E+00	resonant
-2.294636000E+00	-6.622218000E+00	-5.618585000E+00	1.147079000E+00	resonant
1.171989000E-03	-6.625864000E+00	-5.611953000E+00	1.147079000E+00	resonant
2.292743000E+00	-6.622337000E+00	-5.618280000E+00	1.147079000E+00	resonant
4.589181000E+00	-6.618382000E+00	-5.616847000E+00	1.147079000E+00	resonant
-5.735005000E+00	-4.635609000E+00	-5.618756000E+00	1.147079000E+00	resonant
-3.440983000E+00	-4.635765000E+00	-5.619278000E+00	1.147079000E+00	resonant
-1.152588000E+00	-4.637862000E+00	-5.603438000E+00	1.147079000E+00	resonant
1.146095000E+00	-4.634265000E+00	-5.620396000E+00	1.147079000E+00	resonant
3.438382000E+00	-4.630080000E+00	-5.618213000E+00	1.147079000E+00	resonant
5.735271000E+00	-4.635615000E+00	-5.617904000E+00	1.147079000E+00	resonant
-6.881767000E+00	-2.649366000E+00	-5.619233000E+00	1.147079000E+00	resonant
-4.592140000E+00	-2.649870000E+00	-5.608275000E+00	1.147079000E+00	resonant
-2.294414000E+00	-2.648943000E+00	-5.618623000E+00	1.147079000E+00	resonant
-1.161610000E-04	-2.649064000E+00	-5.619135000E+00	1.147079000E+00	resonant
2.294978000E+00	-2.649549000E+00	-5.617420000E+00	1.147079000E+00	resonant
4.588494000E+00	-2.648781000E+00	-5.617478000E+00	1.147079000E+00	resonant
6.877535000E+00	-2.650208000E+00	-5.612878000E+00	1.147079000E+00	resonant
-7.951204000E+00	-6.779786000E-01	-5.563583000E+00	1.147079000E+00	resonant
-5.733575000E+00	-6.616934000E-01	-5.620813000E+00	1.147079000E+00	resonant
-3.434868000E+00	-6.581534000E-01	-5.617987000E+00	1.147079000E+00	resonant
-1.146223000E+00	-6.636133000E-01	-5.616926000E+00	1.147079000E+00	resonant
1.147379000E+00	-6.621462000E-01	-5.617926000E+00	1.147079000E+00	resonant
3.441313000E+00	-6.641832000E-01	-5.617358000E+00	1.147079000E+00	resonant
5.734883000E+00	-6.620916000E-01	-5.619075000E+00	1.147079000E+00	resonant
8.004101000E+00	-6.848196000E-01	-5.581573000E+00	1.147079000E+00	resonant
-6.880380000E+00	1.324452000E+00	-5.618875000E+00	1.147079000E+00	resonant
-4.587615000E+00	1.323995000E+00	-5.618879000E+00	1.147079000E+00	resonant
-2.293992000E+00	1.324512000E+00	-5.619307000E+00	1.147079000E+00	resonant
-2.608229000E-05	1.324812000E+00	-5.618724000E+00	1.147079000E+00	resonant
2.291973000E+00	1.324281000E+00	-5.619178000E+00	1.147079000E+00	resonant
4.586385000E+00	1.323712000E+00	-5.616244000E+00	1.147079000E+00	resonant
6.880391000E+00	1.323341000E+00	-5.618432000E+00	1.147079000E+00	resonant
-5.734171000E+00	3.307535000E+00	-5.612503000E+00	1.147079000E+00	resonant
-3.440906000E+00	3.310991000E+00	-5.619172000E+00	1.147079000E+00	resonant
-1.145679000E+00	3.310924000E+00	-5.616090000E+00	1.147079000E+00	resonant
1.144999000E+00	3.310207000E+00	-5.617054000E+00	1.147079000E+00	resonant
3.441845000E+00	3.311550000E+00	-5.616908000E+00	1.147079000E+00	resonant
5.733906000E+00	3.310988000E+00	-5.618129000E+00	1.147079000E+00	resonant
-4.584125000E+00	5.294977000E+00	-5.613929000E+00	1.147079000E+00	resonant
-2.300299000E+00	5.294741000E+00	-5.616447000E+00	1.147079000E+00	resonant
-2.784945000E-04	5.298352000E+00	-5.618521000E+00	1.147079000E+00	resonant
2.295792000E+00	5.294273000E+00	-5.612319000E+00	1.147079000E+00	resonant
4.588159000E+00	5.297840000E+00	-5.619049000E+00	1.147079000E+00	resonant
-3.451481000E+00	7.254130000E+00	-5.634836000E+00	1.147079000E+00	resonant
-1.147130000E+00	7.284290000E+00	-5.619460000E+00	1.147079000E+00	resonant
1.152334000E+00	7.280320000E+00	-5.617671000E+00	1.147079000E+00	resonant
3.441250000E+00	7.282763000E+00	-5.620813000E+00	1.147079000E+00	resonant
-4.587976000E+00	-7.945221000E+00	-3.744908000E+00	1.147079000E+00	resonant
-2.301958000E+00	-7.930895000E+00	-3.741438000E+00	1.147079000E+00	resonant
1.369120000E-05	-7.946862000E+00	-3.746074000E+00	1.147079000E+00	resonant
2.284306000E+00	-7.914845000E+00	-3.748599000E+00	1.147079000E+00	resonant
4.588118000E+00	-7.946673000E+00	-3.746099000E+00	1.147079000E+00	resonant
-5.729553000E+00	-5.949935000E+00	-3.740361000E+00	1.147079000E+00	resonant
-3.440997000E+00	-5.960127000E+00	-3.745953000E+00	1.147079000E+00	resonant
-1.146663000E+00	-5.948110000E+00	-3.748202000E+00	1.147079000E+00	resonant
1.139779000E+00	-5.943715000E+00	-3.752071000E+00	1.147079000E+00	resonant
3.440659000E+00	-5.959266000E+00	-3.746169000E+00	1.147079000E+00	resonant
5.730800000E+00	-5.954851000E+00	-3.742624000E+00	1.147079000E+00	resonant
-6.878601000E+00	-3.962286000E+00	-3.747121000E+00	1.147079000E+00	resonant
-4.587942000E+00	-3.971471000E+00	-3.745144000E+00	1.147079000E+00	resonant
-2.294271000E+00	-3.973522000E+00	-3.745607000E+00	1.147079000E+00	resonant
-1.251536000E-03	-3.970449000E+00	-3.745115000E+00	1.147079000E+00	resonant
2.293881000E+00	-3.973164000E+00	-3.746097000E+00	1.147079000E+00	resonant
4.587740000E+00	-3.973561000E+00	-3.745911000E+00	1.147079000E+00	resonant
6.882142000E+00	-3.973503000E+00	-3.746185000E+00	1.147079000E+00	resonant
-8.024004000E+00	-1.998395000E+00	-3.728047000E+00	1.147079000E+00	resonant
-5.733604000E+00	-1.986845000E+00	-3.746213000E+00	1.147079000E+00	resonant
-3.440338000E+00	-1.986542000E+00	-3.745625000E+00	1.147079000E+00	resonant
-1.147012000E+00	-1.986262000E+00	-3.745370000E+00	1.147079000E+00	resonant
1.147178000E+00	-1.986498000E+00	-3.746265000E+00	1.147079000E+00	resonant
3.440958000E+00	-1.987046000E+00	-3.745318000E+00	1.147079000E+00	resonant
5.733914000E+00	-1.987402000E+00	-3.744644000E+00	1.147079000E+00	resonant
8.024795000E+00	-1.989449000E+00	-3.748659000E+00	1.147079000E+00	resonant
-9.174143000E+00	-5.224289000E-04	-3.745771000E+00	1.147079000E+00	resonant
-6.882778000E+00	-5.497916000E-03	-3.739280000E+00	1.147079000E+00	resonant
-4.587748000E+00	-3.056963000E-04	-3.745595000E+00	1.147079000E+00	resonant
-2.293817000E+00	-1.433778000E-04	-3.745669000E+00	1.147079000E+00	resonant
-6.091334000E-04	9.408883000E-04	-3.748006000E+00	1.147079000E+00	resonant
2.292879000E+00	1.289227000E-03	-3.745400000E+00	1.147079000E+00	resonant
4.580408000E+00	-2.008661000E-03	-3.742981000E+00	1.147079000E+00	resonant
6.881586000E+00	-7.891442000E-05	-3.746406000E+00	1.147079000E+00	resonant
9.150154000E+00	-2.072115000E-02	-3.732588000E+00	1.147079000E+00	resonant
-8.017292000E+00	1.995730000E+00	-3.731808000E+00	1.147079000E+00	resonant
-5.727765000E+00	1.985194000E+00	-3.749554000E+00	1.147079000E+00	resonant
-3.440353000E+00	1.986507000E+00	-3.746118000E+00	1.147079000E+00	resonant
-1.147015000E+00	1.986524000E+00	-3.745317000E+00	1.147079000E+00	resonant
1.146719000E+00	1.986595000E+00	-3.745252000E+00	1.147079000E+00	resonant
3.440717000E+00	1.987976000E+00	-3.744566000E+00	1.147079000E+00	resonant
5.728721000E+00	1.970813000E+00	-3.746082000E+00	1.147079000E+00	resonant
8.028137000E+00	1.985742000E+00	-3.747109000E+00	1.147079000E+00	resonant
-6.861176000E+00	3.960818000E+00	-3.730384000E+00	1.147079000E+00	resonant
-4.587551000E+00	3.973579000E+00	-3.746309000E+00	1.147079000E+00	resonant
-2.294026000E+00	3.973329000E+00	-3.745680000E+00	1.147079000E+00	resonant
1.536627000E-04	3.972670000E+00	-3.746146000E+00	1.147079000E+00	resonant
2.293923000E+00	3.973520000E+00	-3.745906000E+00	1.147079000E+00	resonant
4.586081000E+00	3.970203000E+00	-3.745247000E+00	1.147079000E+00	resonant
6.879883000E+00	3.970238000E+00	-3.740116000E+00	1.147079000E+00	resonant
-5.735253000E+00	5.960071000E+00	-3.746347000E+00	1.147079000E+00	resonant
-3.440315000E+00	5.959782000E+00	-3.745457000E+00	1.147079000E+00	resonant
-1.147069000E+00	5.959377000E+00	-3.746372000E+00	1.147079000E+00	resonant
1.147135000E+00	5.959740000E+00	-3.746348000E+00	1.147079000E+00	resonant
3.441128000E+00	5.959693000E+00	-3.746124000E+00	1.147079000E+00	resonant
5.733719000E+00	5.959619000E+00	-3.745895000E+00	1.147079000E+00	resonant
-4.584102000E+00	7.893595000E+00	-3.765552000E+00	1.147079000E+00	resonant
-2.292358000E+00	7.945857000E+00	-3.746858000E+00	1.147079000E+00	resonant
5.343438000E-03	7.928332000E+00	-3.725621000E+00	1.147079000E+00	resonant
2.293711000E+00	7.946556000E+00	-3.746008000E+00	1.147079000E+00	resonant
4.586342000E+00	7.945734000E+00	-3.746058000E+00	1.147079000E+00	resonant
-3.434735000E+00	-8.607891000E+00	-1.872214000E+00	1.147079000E+00	resonant
-1.147244000E+00	-8.608445000E+00	-1.873090000E+00	1.147079000E+00	resonant
1.145905000E+00	-8.605632000E+00	-1.872439000E+00	1.147079000E+00	resonant
3.436747000E+00	-8.605577000E+00	-1.872961000E+00	1.147079000E+00	resonant
-6.881519000E+00	-6.622061000E+00	-1.872676000E+00	1.147079000E+00	resonant
-4.587140000E+00	-6.621985000E+00	-1.873353000E+00	1.147079000E+00	resonant
-2.293826000E+00	-6.621773000E+00	-1.873426000E+00	1.147079000E+00	resonant
-6.201666000E-03	-6.614194000E+00	-1.874584000E+00	1.147079000E+00	resonant
2.294304000E+00	-6.621774000E+00	-1.872567000E+00	1.147079000E+00	resonant
4.587242000E+00	-6.614751000E+00	-1.861194000E+00	1.147079000E+00	resonant
6.881958000E+00	-6.622280000E+00	-1.873114000E+00	1.147079000E+00	resonant
-8.030066000E+00	-4.634269000E+00	-1.872391000E+00	1.147079000E+00	resonant
-5.734630000E+00	-4.636011000E+00	-1.873169000E+00	1.147079000E+00	resonant
-3.441123000E+00	-4.635777000E+00	-1.873006000E+00	1.147079000E+00	resonant
-1.148198000E+00	-4.632522000E+00	-1.873999000E+00	1.147079000E+00	resonant
1.147387000E+00	-4.634823000E+00	-1.873015000E+00	1.147079000E+00	resonant
3.439309000E+00	-4.633443000E+00	-1.872470000E+00	1.147079000E+00	resonant
5.735148000E+00	-4.635531000E+00	-1.873196000E+00	1.147079000E+00	resonant
8.019907000E+00	-4.637484000E+00	-1.861537000E+00	1.147079000E+00	resonant
-9.166649000E+00	-2.630315000E+00	-1.893078000E+00	1.147079000E+00	resonant
-6.861817000E+00	-2.651551000E+00	-1.877630000E+00	1.147079000E+00	resonant
-4.587623000E+00	-2.648991000E+00	-1.873184000E+00	1.147079000E+00	resonant
-2.294416000E+00	-2.649039000E+00	-1.873632000E+00	1.147079000E+00	resonant
2.625158000E-04	-2.649432000E+00	-1.873582000E+00	1.147079000E+00	resonant
2.294048000E+00	-2.649042000E+00	-1.873169000E+00	1.147079000E+00	resonant
4.587079000E+00	-2.648893000E+00	-1.873327000E+00	1.147079000E+00	resonant
6.880121000E+00	-2.643033000E+00	-1.872762000E+00	1.147079000E+00	resonant
9.174481000E+00	-2.650402000E+00	-1.870658000E+00	1.147079000E+00	resonant
-8.029025000E+00	-6.619566000E-01	-1.872592000E+00	1.147079000E+00	resonant
-5.734962000E+00	-6.626945000E-01	-1.872786000E+00	1.147079000E+00	resonant
-3.441444000E+00	-6.625487000E-01	-1.873222000E+00	1.147079000E+00	resonant
-1.147032000E+00	-6.621968000E-01	-1.873203000E+00	1.147079000E+00	resonant
1.147230000E+00	-6.619539000E-01	-1.873195000E+00	1.147079000E+00	resonant
3.441070000E+00	-6.625742000E-01	-1.872884000E+00	1.147079000E+00	resonant
5.734576000E+00	-6.613126000E-01	-1.872814000E+00	1.147079000E+00	resonant
8.028478000E+00	-6.609902000E-01	-1.873926000E+00	1.147079000E+00	resonant
-9.173082000E+00	1.324028000E+00	-1.871360000E+00	1.147079000E+00	resonant
-6.881575000E+00	1.324315000E+00	-1.872736000E+00	1.147079000E+00	resonant
-4.588060000E+00	1.324176000E+00	-1.872426000E+00	1.147079000E+00	resonant
-2.297087000E+00	1.324479000E+00	-1.872804000E+00	1.147079000E+00	resonant
3.062395000E-04	1.324733000E+00	-1.873008000E+00	1.147079000E+00	resonant
2.298895000E+00	1.327646000E+00	-1.873125000E+00	1.147079000E+00	resonant
4.587937000E+00	1.324700000E+00	-1.872573000E+00	1.147079000E+00	resonant
6.882034000E+00	1.324090000E+00	-1.873074000E+00	1.147079000E+00	resonant
9.176156000E+00	1.321777000E+00	-1.872947000E+00	1.147079000E+00	resonant
-8.028900000E+00	3.311088000E+00	-1.873110000E+00	1.147079000E+00	resonant
-5.736337000E+00	3.309612000E+00	-1.871960000E+00	1.147079000E+00	resonant
-3.439367000E+00	3.309114000E+00	-1.873464000E+00	1.147079000E+00	resonant
-1.146899000E+00	3.311277000E+00	-1.873455000E+00	1.147079000E+00	resonant
1.147510000E+00	3.312252000E+00	-1.873802000E+00	1.147079000E+00	resonant
3.441298000E+00	3.312099000E+00	-1.871458000E+00	1.147079000E+00	resonant
5.735094000E+00	3.310788000E+00	-1.872671000E+00	1.147079000E+00	resonant
8.022756000E+00	3.298319000E+00	-1.875498000E+00	1.147079000E+00	resonant
-6.863623000E+00	5.296846000E+00	-1.881645000E+00	1.147079000E+00	resonant
-4.584843000E+00	5.296463000E+00	-1.871934000E+00	1.147079000E+00	resonant
-2.293470000E+00	5.297119000E+00	-1.872234000E+00	1.147079000E+00	resonant
-6.744388000E-04	5.297056000E+00	-1.872870000E+00	1.147079000E+00	resonant
2.294261000E+00	5.295973000E+00	-1.873266000E+00	1.147079000E+00	resonant
4.587893000E+00	5.297613000E+00	-1.872728000E+00	1.147079000E+00	resonant
6.882380000E+00	5.297217000E+00	-1.872659000E+00	1.147079000E+00	resonant
-5.723221000E+00	7.262461000E+00	-1.885629000E+00	1.147079000E+00	resonant
-3.440935000E+00	7.284196000E+00	-1.871340000E+00	1.147079000E+00	resonant
-1.147012000E+00	7.283842000E+00	-1.872353000E+00	1.147079000E+00	resonant
1.154616000E+00	7.274833000E+00	-1.867955000E+00	1.147079000E+00	resonant
3.440660000E+00	7.283753000E+00	-1.874228000E+00	1.147079000E+00	resonant
5.733986000E+00	7.283681000E+00	-1.874009000E+00	1.147079000E+00	resonant
-2.293890000E+00	9.270923000E+00	-1.872940000E+00	1.147079000E+00	resonant
-1.349476000E-04	9.271086000E+00	-1.872060000E+00	1.147079000E+00	resonant
2.294000000E+00	9.268052000E+00	-1.875627000E+00	1.147079000E+00	resonant
-1.145469000E+00	-9.925532000E+00	3.693044000E-03	1.147079000E+00	resonant
1.148235000E+00	-9.932614000E+00	-4.315700000E-04	1.147079000E+00	resonant
-4.594339000E+00	-7.924838000E+00	1.734025000E-03	1.147079000E+00	resonant
-2.294148000E+00	-7.942397000E+00	1.795635000E-03	1.147079000E+00	resonant
4.220207000E-03	-7.916467000E+00	4.377512000E-03	1.147079000E+00	resonant
2.296056000E+00	-7.944241000E+00	1.524067000E-04	1.147079000E+00	resonant
4.586676000E+00	-7.946213000E+00	4.666243000E-05	1.147079000E+00	resonant
-8.029314000E+00	-5.959548000E+00	2.293051000E-05	1.147079000E+00	resonant
-5.734940000E+00	-5.959712000E+00	-2.451493000E-04	1.147079000E+00	resonant
-3.441130000E+00	-5.960097000E+00	-1.785284000E-04	1.147079000E+00	resonant
-1.146964000E+00	-5.959755000E+00	2.981387000E-05	1.147079000E+00	resonant
1.146650000E+00	-5.958430000E+00	-1.011677000E-03	1.147079000E+00	resonant
3.437242000E+00	-5.957089000E+00	-8.658589000E-04	1.147079000E+00	resonant
5.736352000E+00	-5.957467000E+00	-2.464552000E-03	1.147079000E+00	resonant
8.027081000E+00	-5.956605000E+00	1.849121000E-03	1.147079000E+00	resonant
-9.176134000E+00	-3.970781000E+00	-4.313838000E-04	1.147079000E+00	resonant
-6.860438000E+00	-3.975180000E+00	-3.559636000E-03	1.147079000E+00	resonant
-4.587382000E+00	-3.970836000E+00	4.189572000E-04	1.147079000E+00	resonant
-2.293917000E+00	-3.973038000E+00	2.691704000E-04	1.147079000E+00	resonant
-5.876668000E-04	-3.974155000E+00	-4.272676000E-04	1.147079000E+00	resonant
2.291980000E+00	-3.973348000E+00	6.813885000E-04	1.147079000E+00	resonant
4.585209000E+00	-3.970582000E+00	5.919094000E-04	1.147079000E+00	resonant
6.881979000E+00	-3.964192000E+00	2.381574000E-04	1.147079000E+00	resonant
9.174468000E+00	-3.972451000E+00	-1.006400000E-03	1.147079000E+00	resonant
-8.028382000E+00	-1.985917000E+00	-2.238495000E-03	1.147079000E+00	resonant
-5.735007000E+00	-1.986548000E+00	5.469072000E-04	1.147079000E+00	resonant
-3.441352000E+00	-1.986762000E+00	-1.929106000E-04	1.147079000E+00	resonant
-1.146946000E+00	-1.986864000E+00	2.198677000E-04	1.147079000E+00	resonant
1.146758000E+00	-1.986963000E+00	2.902031000E-04	1.147079000E+00	resonant
3.441077000E+00	-1.986681000E+00	2.226129000E-05	1.147079000E+00	resonant
5.734514000E+00	-1.986823000E+00	-3.279018000E-04	1.147079000E+00	resonant
8.028714000E+00	-1.988184000E+00	-1.710939000E-03	1.147079000E+00	resonant
-9.172593000E+00	7.599251000E-04	1.766530000E-03	1.147079000E+00	resonant
-6.880708000E+00	-2.027444000E-04	-5.197881000E-04	1.147079000E+00	resonant
-4.587579000E+00	-1.533220000E-04	-1.076101000E-03	1.147079000E+00	resonant
-2.294140000E+00	-1.377906000E-05	2.267725000E-04	1.147079000E+00	resonant
2.294168000E+00	2.043704000E-04	2.670821000E-04	1.147079000E+00	resonant
4.587634000E+00	-1.637474000E-04	3.468870000E-05	1.147079000E+00	resonant
6.882034000E+00	1.553995000E-04	-2.621812000E-04	1.147079000E+00	resonant
9.168867000E+00	-2.543410000E-03	3.415485000E-03	1.147079000E+00	resonant
-8.028358000E+00	1.986312000E+00	8.976913000E-04	1.147079000E+00	resonant
-5.730589000E+00	1.984693000E+00	1.066795000E-03	1.147079000E+00	resonant
-3.440742000E+00	1.986514000E+00	5.081001000E-04	1.147079000E+00	resonant
-1.147122000E+00	1.986753000E+00	-1.184457000E-04	1.147079000E+00	resonant
1.147269000E+00	1.986669000E+00	9.816249000E-05	1.147079000E+00	resonant
3.441849000E+00	1.987119000E+00	8.793038000E-04	1.147079000E+00	resonant
5.734354000E+00	1.987172000E+00	1.547123000E-04	1.147079000E+00	resonant
8.022304000E+00	1.989147000E+00	3.606859000E-03	1.147079000E+00	resonant
-9.140947000E+00	3.964813000E+00	2.706916000E-03	1.147079000E+00	resonant
-6.881324000E+00	3.973360000E+00	-1.132959000E-03	1.147079000E+00	resonant
-4.583923000E+00	3.970163000E+00	-2.413856000E-03	1.147079000E+00	resonant
-2.293681000E+00	3.972852000E+00	-2.203902000E-04	1.147079000E+00	resonant
-3.058274000E-04	3.972964000E+00	-1.582320000E-04	1.147079000E+00	resonant
2.292426000E+00	3.972266000E+00	-8.685840000E-04	1.147079000E+00	resonant
4.587958000E+00	3.973296000E+00	1.545086000E-05	1.147079000E+00	resonant
6.880261000E+00	3.972857000E+00	-3.593509000E-04	1.147079000E+00	resonant
9.176197000E+00	3.972562000E+00	-2.740585000E-04	1.147079000E+00	resonant
-8.027382000E+00	5.959369000E+00	-1.521038000E-04	1.147079000E+00	resonant
-5.734730000E+00	5.960088000E+00	1.562961000E-05	1.147079000E+00	resonant
-3.442490000E+00	5.956713000E+00	-2.753446000E-03	1.147079000E+00	resonant
-1.147447000E+00	5.957926000E+00	2.611126000E-05	1.147079000E+00	resonant
1.142997000E+00	5.956388000E+00	-5.022129000E-03	1.147079000E+00	resonant
3.427244000E+00	5.957833000E+00	-5.867758000E-03	1.147079000E+00	resonant
5.717349000E+00	5.954336000E+00	4.726246000E-03	1.147079000E+00	resonant
8.028528000E+00	5.960569000E+00	9.246791000E-05	1.147079000E+00	resonant
-4.585886000E+00	7.945319000E+00	1.852212000E-03	1.147079000E+00	resonant
-2.294108000E+00	7.946672000E+00	-1.323563000E-05	1.147079000E+00	resonant
-7.796319000E-05	7.946002000E+00	-1.101521000E-04	1.147079000E+00	resonant
2.293741000E+00	7.946256000E+00	-3.228667000E-04	1.147079000E+00	resonant
4.582058000E+00	7.943587000E+00	-4.887113000E-03	1.147079000E+00	resonant
-1.147484000E+00	9.931569000E+00	-1.305025000E-03	1.147079000E+00	resonant
1.147931000E+00	9.931037000E+00	-7.695167000E-04	1.147079000E+00	resonant
-3.440541000E+00	-8.606529000E+00	1.872476000E+00	1.147079000E+00	resonant
-1.155064000E+00	-8.579157000E+00	1.863512000E+00	1.147079000E+00	resonant
1.145490000E+00	-8.606278000E+00	1.876183000E+00	1.147079000E+00	resonant
3.439401000E+00	-8.604069000E+00	1.872167000E+00	1.147079000E+00	resonant
-6.862531000E+00	-6.583088000E+00	1.831270000E+00	1.147079000E+00	resonant
-4.587270000E+00	-6.618795000E+00	1.872851000E+00	1.147079000E+00	resonant
-2.294451000E+00	-6.621531000E+00	1.872900000E+00	1.147079000E+00	resonant
2.975719000E-03	-6.619124000E+00	1.875305000E+00	1.147079000E+00	resonant
2.293318000E+00	-6.621912000E+00	1.873216000E+00	1.147079000E+00	resonant
4.590277000E+00	-6.599698000E+00	1.855573000E+00	1.147079000E+00	resonant
6.874683000E+00	-6.615604000E+00	1.876336000E+00	1.147079000E+00	resonant
-8.028822000E+00	-4.633713000E+00	1.872668000E+00	1.147079000E+00	resonant
-5.734249000E+00	-4.633648000E+00	1.876192000E+00	1.147079000E+00	resonant
-3.439390000E+00	-4.632228000E+00	1.875196000E+00	1.147079000E+00	resonant
-1.146343000E+00	-4.635537000E+00	1.872775000E+00	1.147079000E+00	resonant
1.148208000E+00	-4.633406000E+00	1.872230000E+00	1.147079000E+00	resonant
3.440500000E+00	-4.635202000E+00	1.873752000E+00	1.147079000E+00	resonant
5.733612000E+00	-4.635828000E+00	1.872138000E+00	1.147079000E+00	resonant
8.017572000E+00	-4.630113000E+00	1.852921000E+00	1.147079000E+00	resonant
-9.175373000E+00	-2.648657000E+00	1.874337000E+00	1.147079000E+00	resonant
-6.879543000E+00	-2.648463000E+00	1.874438000E+00	1.147079000E+00	resonant
-4.585830000E+00	-2.647471000E+00	1.872218000E+00	1.147079000E+00	resonant
-2.293759000E+00	-2.648769000E+00	1.872881000E+00	1.147079000E+00	resonant
1.842147000E-04	-2.652882000E+00	1.874931000E+00	1.147079000E+00	resonant
2.294797000E+00	-2.648933000E+00	1.872947000E+00	1.147079000E+00	resonant
4.587911000E+00	-2.648274000E+00	1.873074000E+00	1.147079000E+00	resonant
6.873303000E+00	-2.643246000E+00	1.866852000E+00	1.147079000E+00	resonant
9.162029000E+00	-2.637133000E+00	1.868731000E+00	1.147079000E+00	resonant
-8.029064000E+00	-6.614988000E-01	1.872133000E+00	1.147079000E+00	resonant
-5.732565000E+00	-6.629492000E-01	1.867918000E+00	1.147079000E+00	resonant
-3.441044000E+00	-6.620616000E-01	1.873184000E+00	1.147079000E+00	resonant
-1.146974000E+00	-6.623892000E-01	1.873171000E+00	1.147079000E+00	resonant
1.146551000E+00	-6.626299000E-01	1.873345000E+00	1.147079000E+00	resonant
3.441871000E+00	-6.622815000E-01	1.873529000E+00	1.147079000E+00	resonant
5.734755000E+00	-6.619644000E-01	1.872209000E+00	1.147079000E+00	resonant
8.027078000E+00	-6.612245000E-01	1.874862000E+00	1.147079000E+00	resonant
-9.161046000E+00	1.304755000E+00	1.844117000E+00	1.147079000E+00	resonant
-6.882510000E+00	1.324582000E+00	1.870424000E+00	1.147079000E+00	resonant
-4.587982000E+00	1.324063000E+00	1.873196000E+00	1.147079000E+00	resonant
-2.294776000E+00	1.324989000E+00	1.873679000E+00	1.147079000E+00	resonant
2.352593000E-04	1.324142000E+00	1.873426000E+00	1.147079000E+00	resonant
2.294912000E+00	1.325183000E+00	1.875992000E+00	1.147079000E+00	resonant
4.588032000E+00	1.324442000E+00	1.873250000E+00	1.147079000E+00	resonant
6.880108000E+00	1.319262000E+00	1.871978000E+00	1.147079000E+00	resonant
9.166894000E+00	1.311781000E+00	1.878218000E+00	1.147079000E+00	resonant
-8.021040000E+00	3.313262000E+00	1.867114000E+00	1.147079000E+00	resonant
-5.733399000E+00	3.311866000E+00	1.873850000E+00	1.147079000E+00	resonant
-3.439631000E+00	3.309844000E+00	1.872579000E+00	1.147079000E+00	resonant
-1.146478000E+00	3.311735000E+00	1.872966000E+00	1.147079000E+00	resonant
1.147317000E+00	3.311471000E+00	1.873230000E+00	1.147079000E+00	resonant
3.439239000E+00	3.310692000E+00	1.872907000E+00	1.147079000E+00	resonant
5.734742000E+00	3.310576000E+00	1.873341000E+00	1.147079000E+00	resonant
8.020809000E+00	3.306487000E+00	1.865088000E+00	1.147079000E+00	resonant
-6.882119000E+00	5.297709000E+00	1.873150000E+00	1.147079000E+00	resonant
-4.587210000E+00	5.295923000E+00	1.871466000E+00	1.147079000E+00	resonant
-2.293957000E+00	5.297787000E+00	1.872572000E+00	1.147079000E+00	resonant
1.935919000E-03	5.297098000E+00	1.872580000E+00	1.147079000E+00	resonant
2.294001000E+00	5.297755000E+00	1.872897000E+00	1.147079000E+00	resonant
4.584988000E+00	5.296894000E+00	1.871136000E+00	1.147079000E+00	resonant
6.882533000E+00	5.296663000E+00	1.872596000E+00	1.147079000E+00	resonant
-5.739674000E+00	7.271726000E+00	1.866538000E+00	1.147079000E+00	resonant
-3.441482000E+00	7.278705000E+00	1.872514000E+00	1.147079000E+00	resonant
-1.148185000E+00	7.283201000E+00	1.872546000E+00	1.147079000E+00	resonant
1.146485000E+00	7.282952000E+00	1.872792000E+00	1.147079000E+00	resonant
3.441117000E+00	7.284677000E+00	1.873066000E+00	1.147079000E+00	resonant
5.732433000E+00	7.279366000E+00	1.868739000E+00	1.147079000E+00	resonant
-2.293958000E+00	9.271150000E+00	1.872507000E+00	1.147079000E+00	resonant
-1.929117000E-06	9.270443000E+00	1.873284000E+00	1.147079000E+00	resonant
2.293278000E+00	9.270523000E+00	1.873847000E+00	1.147079000E+00	resonant
-4.588062000E+00	-7.946165000E+00	3.745931000E+00	1.147079000E+00	resonant
-2.293454000E+00	-7.945478000E+00	3.748276000E+00	1.147079000E+00	resonant
-2.072200000E-03	-7.944693000E+00	3.748530000E+00	1.147079000E+00	resonant
2.293009000E+00	-7.942854000E+00	3.739871000E+00	1.147079000E+00	resonant
4.587718000E+00	-7.945517000E+00	3.744789000E+00	1.147079000E+00	resonant
-5.740842000E+00	-5.949103000E+00	3.740248000E+00	1.147079000E+00	resonant
-3.440844000E+00	-5.959988000E+00	3.746220000E+00	1.147079000E+00	resonant
-1.147107000E+00	-5.959734000E+00	3.746297000E+00	1.147079000E+00	resonant
1.147536000E+00	-5.959018000E+00	3.746300000E+00	1.147079000E+00	resonant
3.443133000E+00	-5.954504000E+00	3.736005000E+00	1.147079000E+00	resonant
5.733370000E+00	-5.955750000E+00	3.748466000E+00	1.147079000E+00	resonant
-6.852523000E+00	-3.953860000E+00	3.743286000E+00	1.147079000E+00	resonant
-4.587459000E+00	-3.971178000E+00	3.745439000E+00	1.147079000E+00	resonant
-2.292163000E+00	-3.972007000E+00	3.745556000E+00	1.147079000E+00	resonant
2.441837000E-03	-3.971152000E+00	3.742913000E+00	1.147079000E+00	resonant
2.294927000E+00	-3.971637000E+00	3.744482000E+00	1.147079000E+00	resonant
4.588288000E+00	-3.972616000E+00	3.745700000E+00	1.147079000E+00	resonant
6.872430000E+00	-3.981930000E+00	3.742402000E+00	1.147079000E+00	resonant
-8.028615000E+00	-1.987359000E+00	3.745844000E+00	1.147079000E+00	resonant
-5.732509000E+00	-1.982836000E+00	3.746020000E+00	1.147079000E+00	resonant
-3.439734000E+00	-1.987120000E+00	3.745728000E+00	1.147079000E+00	resonant
-1.147033000E+00	-1.987223000E+00	3.744553000E+00	1.147079000E+00	resonant
1.146902000E+00	-1.985876000E+00	3.745409000E+00	1.147079000E+00	resonant
3.438520000E+00	-1.985175000E+00	3.746444000E+00	1.147079000E+00	resonant
5.729179000E+00	-1.982188000E+00	3.734958000E+00	1.147079000E+00	resonant
8.026847000E+00	-1.985609000E+00	3.742000000E+00	1.147079000E+00	resonant
-9.175892000E+00	-3.503567000E-05	3.744430000E+00	1.147079000E+00	resonant
-6.873060000E+00	-7.179115000E-03	3.747885000E+00	1.147079000E+00	resonant
-4.587976000E+00	-5.413371000E-04	3.745243000E+00	1.147079000E+00	resonant
-2.293395000E+00	1.506598000E-04	3.744897000E+00	1.147079000E+00	resonant
-9.644611000E-05	-2.092953000E-04	3.749566000E+00	1.147079000E+00	resonant
2.293980000E+00	3.939075000E-05	3.745666000E+00	1.147079000E+00	resonant
4.588235000E+00	1.017960000E-03	3.745508000E+00	1.147079000E+00	resonant
6.880787000E+00	3.488556000E-04	3.745171000E+00	1.147079000E+00	resonant
9.173635000E+00	-5.304708000E-03	3.734581000E+00	1.147079000E+00	resonant
-7.978717000E+00	1.980305000E+00	3.731173000E+00	1.147079000E+00	resonant
-5.734731000E+00	1.986992000E+00	3.746574000E+00	1.147079000E+00	resonant
-3.440451000E+00	1.986610000E+00	3.745966000E+00	1.147079000E+00	resonant
-1.146453000E+00	1.984960000E+00	3.745098000E+00	1.147079000E+00	resonant
1.146599000E+00	1.986270000E+00	3.746262000E+00	1.147079000E+00	resonant
3.439974000E+00	1.984917000E+00	3.747081000E+00	1.147079000E+00	resonant
5.733581000E+00	1.985173000E+00	3.745932000E+00	1.147079000E+00	resonant
8.028456000E+00	1.987087000E+00	3.745806000E+00	1.147079000E+00	resonant
-6.884502000E+00	3.968681000E+00	3.736855000E+00	1.147079000E+00	resonant
-4.585607000E+00	3.971544000E+00	3.741103000E+00	1.147079000E+00	resonant
-2.293091000E+00	3.971638000E+00	3.743545000E+00	1.147079000E+00	resonant
1.999221000E-03	3.970309000E+00	3.745884000E+00	1.147079000E+00	resonant
2.293944000E+00	3.973266000E+00	3.746213000E+00	1.147079000E+00	resonant
4.586660000E+00	3.973384000E+00	3.743601000E+00	1.147079000E+00	resonant
6.879624000E+00	3.966051000E+00	3.742312000E+00	1.147079000E+00	resonant
-5.733633000E+00	5.959219000E+00	3.746213000E+00	1.147079000E+00	resonant
-3.448973000E+00	5.949301000E+00	3.740492000E+00	1.147079000E+00	resonant
-1.145637000E+00	5.958996000E+00	3.743444000E+00	1.147079000E+00	resonant
1.148188000E+00	5.959413000E+00	3.746526000E+00	1.147079000E+00	resonant
3.446149000E+00	5.960092000E+00	3.732123000E+00	1.147079000E+00	resonant
5.734286000E+00	5.957092000E+00	3.744143000E+00	1.147079000E+00	resonant
-4.586435000E+00	7.935016000E+00	3.741717000E+00	1.147079000E+00	resonant
-2.292231000E+00	7.941386000E+00	3.742975000E+00	1.147079000E+00	resonant
1.243839000E-03	7.933355000E+00	3.744766000E+00	1.147079000E+00	resonant
2.293533000E+00	7.946133000E+00	3.746021000E+00	1.147079000E+00	resonant
4.587239000E+00	7.946963000E+00	3.745610000E+00	1.147079000E+00	resonant
-4.589203000E+00	-6.604815000E+00	5.620643000E+00	1.147079000E+00	resonant
-2.294522000E+00	-6.622230000E+00	5.618921000E+00	1.147079000E+00	resonant
-1.946505000E-03	-6.623390000E+00	5.614429000E+00	1.147079000E+00	resonant
2.297652000E+00	-6.614551000E+00	5.607492000E+00	1.147079000E+00	resonant
4.585672000E+00	-6.618726000E+00	5.618856000E+00	1.147079000E+00	resonant
-5.735757000E+00	-4.635415000E+00	5.618621000E+00	1.147079000E+00	resonant
-3.438479000E+00	-4.634774000E+00	5.619579000E+00	1.147079000E+00	resonant
-1.149381000E+00	-4.624643000E+00	5.610307000E+00	1.147079000E+00	resonant
1.135523000E+00	-4.636456000E+00	5.611103000E+00	1.147079000E+00	resonant
3.440326000E+00	-4.634657000E+00	5.616693000E+00	1.147079000E+00	resonant
5.727543000E+00	-4.632911000E+00	5.618497000E+00	1.147079000E+00	resonant
-6.882492000E+00	-2.648530000E+00	5.618753000E+00	1.147079000E+00	resonant
-4.587488000E+00	-2.648556000E+00	5.618861000E+00	1.147079000E+00	resonant
-2.293298000E+00	-2.643710000E+00	5.614923000E+00	1.147079000E+00	resonant
7.591588000E-04	-2.649152000E+00	5.616451000E+00	1.147079000E+00	resonant
2.293135000E+00	-2.650173000E+00	5.618810000E+00	1.147079000E+00	resonant
4.583864000E+00	-2.649594000E+00	5.614216000E+00	1.147079000E+00	resonant
6.872678000E+00	-2.645955000E+00	5.614864000E+00	1.147079000E+00	resonant
-8.025483000E+00	-6.621382000E-01	5.620081000E+00	1.147079000E+00	resonant
-5.733987000E+00	-6.621109000E-01	5.619039000E+00	1.147079000E+00	resonant
-3.439410000E+00	-6.661676000E-01	5.610878000E+00	1.147079000E+00	resonant
-1.146187000E+00	-6.619735000E-01	5.618824000E+00	1.147079000E+00	resonant
1.146982000E+00	-6.625898000E-01	5.618509000E+00	1.147079000E+00	resonant
3.440013000E+00	-6.601912000E-01	5.614772000E+00	1.147079000E+00	resonant
5.723772000E+00	-6.608178000E-01	5.621560000E+00	1.147079000E+00	resonant
7.988107000E+00	-6.370801000E-01	5.629741000E+00	1.147079000E+00	resonant
-6.878891000E+00	1.323768000E+00	5.615059000E+00	1.147079000E+00	resonant
-4.583105000E+00	1.319772000E+00	5.617834000E+00	1.147079000E+00	resonant
-2.293263000E+00	1.324611000E+00	5.619133000E+00	1.147079000E+00	resonant
-4.835260000E-04	1.324574000E+00	5.619223000E+00	1.147079000E+00	resonant
2.290270000E+00	1.322312000E+00	5.617784000E+00	1.147079000E+00	resonant
4.588099000E+00	1.324022000E+00	5.619019000E+00	1.147079000E+00	resonant
6.881937000E+00	1.325611000E+00	5.618613000E+00	1.147079000E+00	resonant
-5.731936000E+00	3.309955000E+00	5.615959000E+00	1.147079000E+00	resonant
-3.440097000E+00	3.311941000E+00	5.615528000E+00	1.147079000E+00	resonant
-1.142766000E+00	3.312917000E+00	5.608606000E+00	1.147079000E+00	resonant
1.149364000E+00	3.311756000E+00	5.618372000E+00	1.147079000E+00	resonant
3.444957000E+00	3.306340000E+00	5.615389000E+00	1.147079000E+00	resonant
5.731878000E+00	3.309734000E+00	5.617153000E+00	1.147079000E+00	resonant
-4.584265000E+00	5.297608000E+00	5.617084000E+00	1.147079000E+00	resonant
-2.298750000E+00	5.299910000E+00	5.585221000E+00	1.147079000E+00	resonant
2.101968000E-03	5.283426000E+00	5.614561000E+00	1.147079000E+00	resonant
2.299257000E+00	5.292596000E+00	5.618689000E+00	1.147079000E+00	resonant
4.587662000E+00	5.296720000E+00	5.618762000E+00	1.147079000E+00	resonant
-3.441323000E+00	7.284405000E+00	5.619179000E+00	1.147079000E+00	resonant
-1.148139000E+00	7.283274000E+00	5.619619000E+00	1.147079000E+00	resonant
1.146754000E+00	7.284544000E+00	5.619253000E+00	1.147079000E+00	resonant
3.444169000E+00	7.284887000E+00	5.608484000E+00	1.147079000E+00	resonant
-1.141263000E+00	-5.959642000E+00	7.488880000E+00	1.147079000E+00	resonant
1.149514000E+00	-5.954866000E+00	7.482665000E+00	1.147079000E+00	resonant
-4.579350000E+00	-3.967642000E+00	7.489694000E+00	1.147079000E+00	resonant
-2.284708000E+00	-3.974912000E+00	7.484431000E+00	1.147079000E+00	resonant
-1.422680000E-05	-3.973415000E+00	7.492421000E+00	1.147079000E+00	resonant
2.289694000E+00	-3.975996000E+00	7.492011000E+00	1.147079000E+00	resonant
4.586388000E+00	-3.972735000E+00	7.489986000E+00	1.147079000E+00	resonant
-5.738125000E+00	-1.987067000E+00	7.483258000E+00	1.147079000E+00	resonant
-3.441126000E+00	-1.986019000E+00	7.491558000E+00	1.147079000E+00	resonant
-1.146565000E+00	-1.986638000E+00	7.491720000E+00	1.147079000E+00	resonant
1.147062000E+00	-1.986729000E+00	7.491744000E+00	1.147079000E+00	resonant
3.444525000E+00	-1.989009000E+00	7.481384000E+00	1.147079000E+00	resonant
5.735312000E+00	-1.983952000E+00	7.488035000E+00	1.147079000E+00	resonant
-4.572613000E+00	-3.108105000E-03	7.493679000E+00	1.147079000E+00	resonant
-2.294115000E+00	-2.055952000E-05	7.492266000E+00	1.147079000E+00	resonant
7.801367000E-05	1.016295000E-04	7.492125000E+00	1.147079000E+00	resonant
2.292475000E+00	4.352152000E-03	7.490378000E+00	1.147079000E+00	resonant
4.587944000E+00	-6.306214000E-03	7.483202000E+00	1.147079000E+00	resonant
-5.741648000E+00	1.980978000E+00	7.466272000E+00	1.147079000E+00	resonant
-3.441494000E+00	1.986789000E+00	7.491893000E+00	1.147079000E+00	resonant
-1.146578000E+00	1.986638000E+00	7.492397000E+00	1.147079000E+00	resonant
1.148210000E+00	1.987306000E+00	7.489815000E+00	1.147079000E+00	resonant
3.441497000E+00	1.988510000E+00	7.485372000E+00	1.147079000E+00	resonant
5.726353000E+00	1.985544000E+00	7.481727000E+00	1.147079000E+00	resonant
-4.587451000E+00	3.973077000E+00	7.490281000E+00	1.147079000E+00	resonant
-2.288158000E+00	3.967073000E+00	7.438217000E+00	1.147079000E+00	resonant
-1.236469000E-03	3.971651000E+00	7.491964000E+00	1.147079000E+00	resonant
2.291908000E+00	3.971390000E+00	7.491677000E+00	1.147079000E+00	resonant
4.569771000E+00	3.970641000E+00	7.483184000E+00	1.147079000E+00	resonant
-1.147027000E+00	5.959775000E+00	7.492062000E+00	1.147079000E+00	resonant
1.149575000E+00	5.959959000E+00	7.485334000E+00	1.147079000E+00	resonant
-2.285299000E+00	-2.645981000E+00	9.347658000E+00	1.147079000E+00	resonant
3.317382000E-03	-2.650131000E+00	9.358693000E+00	1.147079000E+00	resonant
2.304224000E+00	-2.640950000E+00	9.349392000E+00	1.147079000E+00	resonant
-3.437048000E+00	-6.633381000E-01	9.364075000E+00	1.147079000E+00	resonant
-1.146662000E+00	-6.624253000E-01	9.365106000E+00	1.147079000E+00	resonant
1.142668000E+00	-6.613486000E-01	9.365402000E+00	1.147079000E+00	resonant
3.442282000E+00	-6.627204000E-01	9.362316000E+00	1.147079000E+00	resonant
-2.290993000E+00	1.321861000E+00	9.362451000E+00	1.147079000E+00	resonant
2.755608000E-03	1.327606000E+00	9.358214000E+00	1.147079000E+00	resonant
2.291874000E+00	1.326199000E+00	9.363199000E+00	1.147079000E+00	resonant
-1.148204000E+00	3.310654000E+00	9.363756000E+00	1.147079000E+00	resonant
1.152604000E+00	3.312146000E+00	9.361070000E+00	1.147079000E+00	resonant
