512.307692	70.769231	35.384615	44304.050979	Si
512.307692	70.769231	0.000000	44304.050979	Si
512.307692	70.769231	-35.384615	44304.050979	Si
512.307692	35.384615	70.769231	44304.050979	Si
512.307692	35.384615	35.384615	44304.050979	Si
512.307692	35.384615	0.000000	44304.050979	Si
512.307692	35.384615	-35.384615	44304.050979	Si
512.307692	35.384615	-70.769231	44304.050979	Si
512.307692	0.000000	70.769231	44304.050979	Si
512.307692	0.000000	35.384615	44304.050979	Si
512.307692	0.000000	0.000000	44304.050979	Si
512.307692	0.000000	-35.384615	44304.050979	Si
512.307692	0.000000	-70.769231	44304.050979	Si
512.307692	-35.384615	70.769231	44304.050979	Si
512.307692	-35.384615	35.384615	44304.050979	Si
512.307692	-35.384615	0.000000	44304.050979	Si
512.307692	-35.384615	-35.384615	44304.050979	Si
512.307692	-35.384615	-70.769231	44304.050979	Si
512.307692	-70.769231	35.384615	44304.050979	Si
512.307692	-70.769231	0.000000	44304.050979	Si
512.307692	-70.769231	-35.384615	44304.050979	Si
476.923077	141.538462	35.384615	44304.050979	Si
476.923077	141.538462	0.000000	44304.050979	Si
476.923077	141.538462	-35.384615	44304.050979	Si
476.923077	106.153846	70.769231	44304.050979	Si
476.923077	106.153846	35.384615	44304.050979	Si
476.923077	106.153846	0.000000	44304.050979	Si
476.923077	106.153846	-35.384615	44304.050979	Si
476.923077	106.153846	-70.769231	44304.050979	Si
476.923077	70.769231	106.153846	44304.050979	Si
476.923077	70.769231	70.769231	44304.050979	Si
476.923077	70.769231	35.384615	44304.050979	Si
476.923077	70.769231	0.000000	44304.050979	Si
476.923077	70.769231	-35.384615	44304.050979	Si
476.923077	70.769231	-70.769231	44304.050979	Si
476.923077	70.769231	-106.153846	44304.050979	Si
476.923077	35.384615	141.538462	44304.050979	Si
476.923077	35.384615	106.153846	44304.050979	Si
476.923077	35.384615	70.769231	44304.050979	Si
476.923077	35.384615	35.384615	44304.050979	Si
476.923077	35.384615	0.000000	44304.050979	Si
476.923077	35.384615	-35.384615	44304.050979	Si
476.923077	35.384615	-70.769231	44304.050979	Si
476.923077	35.384615	-106.153846	44304.050979	Si
476.923077	35.384615	-141.538462	44304.050979	Si
476.923077	0.000000	141.538462	44304.050979	Si
476.923077	0.000000	106.153846	44304.050979	Si
476.923077	0.000000	70.769231	44304.050979	Si
476.923077	0.000000	35.384615	44304.050979	Si
476.923077	0.000000	0.000000	44304.050979	Si
476.923077	0.000000	-35.384615	44304.050979	Si
476.923077	0.000000	-70.769231	44304.050979	Si
476.923077	0.000000	-106.153846	44304.050979	Si
476.923077	0.000000	-141.538462	44304.050979	Si
476.923077	-35.384615	141.538462	44304.050979	Si
476.923077	-35.384615	106.153846	44304.050979	Si
476.923077	-35.384615	70.769231	44304.050979	Si
476.923077	-35.384615	35.384615	44304.050979	Si
476.923077	-35.384615	0.000000	44304.050979	Si
476.923077	-35.384615	-35.384615	44304.050979	Si
476.923077	-35.384615	-70.769231	44304.050979	Si
476.923077	-35.384615	-106.153846	44304.050979	Si
476.923077	-35.384615	-141.538462	44304.050979	Si
476.923077	-70.769231	106.153846	44304.050979	Si
476.923077	-70.769231	70.769231	44304.050979	Si
476.923077	-70.769231	35.384615	44304.050979	Si
476.923077	-70.769231	0.000000	44304.050979	Si
476.923077	-70.769231	-35.384615	44304.050979	Si
476.923077	-70.769231	-70.769231	44304.050979	Si
476.923077	-70.769231	-106.153846	44304.050979	Si
476.923077	-106.153846	70.769231	44304.050979	Si
476.923077	-106.153846	35.384615	44304.050979	Si
476.923077	-106.153846	0.000000	44304.050979	Si
476.923077	-106.153846	-35.384615	44304.050979	Si
476.923077	-106.153846	-70.769231	44304.050979	Si
476.923077	-141.538462	35.384615	44304.050979	Si
476.923077	-141.538462	0.000000	44304.050979	Si
476.923077	-141.538462	-35.384615	44304.050979	Si
441.538462	176.923077	35.384615	44304.050979	Si
441.538462	176.923077	0.000000	44304.050979	Si
441.538462	176.923077	-35.384615	44304.050979	Si
441.538462	141.538462	106.153846	44304.050979	Si
441.538462	141.538462	70.769231	44304.050979	Si
441.538462	141.538462	35.384615	44304.050979	Si
441.538462	141.538462	0.000000	44304.050979	Si
441.538462	141.538462	-35.384615	44304.050979	Si
441.538462	141.538462	-70.769231	44304.050979	Si
441.538462	141.538462	-106.153846	44304.050979	Si
441.538462	106.153846	141.538462	44304.050979	Si
441.538462	106.153846	106.153846	44304.050979	Si
441.538462	106.153846	70.769231	44304.050979	Si
441.538462	106.153846	35.384615	44304.050979	Si
441.538462	106.153846	0.000000	44304.050979	Si
441.538462	106.153846	-35.384615	44304.050979	Si
441.538462	106.153846	-70.769231	44304.050979	Si
441.538462	106.153846	-106.153846	44304.050979	Si
441.538462	106.153846	-141.538462	44304.050979	Si
441.538462	70.769231	141.538462	44304.050979	Si
441.538462	70.769231	106.153846	44304.050979	Si
441.538462	70.769231	70.769231	44304.050979	Si
441.538462	70.769231	35.384615	44304.050979	Si
441.538462	70.769231	0.000000	44304.050979	Si
441.538462	70.769231	-35.384615	44304.050979	Si
441.538462	70.769231	-70.769231	44304.050979	Si
441.538462	70.769231	-106.153846	44304.050979	Si
441.538462	70.769231	-141.538462	44304.050979	Si
441.538462	35.384615	176.923077	44304.050979	Si
441.538462	35.384615	141.538462	44304.050979	Si
441.538462	35.384615	106.153846	44304.050979	Si
441.538462	35.384615	70.769231	44304.050979	Si
441.538462	35.384615	35.384615	44304.050979	Si
441.538462	35.384615	0.000000	44304.050979	Si
441.538462	35.384615	-35.384615	44304.050979	Si
441.538462	35.384615	-70.769231	44304.050979	Si
441.538462	35.384615	-106.153846	44304.050979	Si
441.538462	35.384615	-141.538462	44304.050979	Si
441.538462	35.384615	-176.923077	44304.050979	Si
441.538462	0.000000	176.923077	44304.050979	Si
441.538462	0.000000	141.538462	44304.050979	Si
441.538462	0.000000	106.153846	44304.050979	Si
441.538462	0.000000	70.769231	44304.050979	Si
441.538462	0.000000	35.384615	44304.050979	Si
441.538462	0.000000	0.000000	44304.050979	Si
441.538462	0.000000	-35.384615	44304.050979	Si
441.538462	0.000000	-70.769231	44304.050979	Si
441.538462	0.000000	-106.153846	44304.050979	Si
441.538462	0.000000	-141.538462	44304.050979	Si
441.538462	0.000000	-176.923077	44304.050979	Si
441.538462	-35.384615	176.923077	44304.050979	Si
441.538462	-35.384615	141.538462	44304.050979	Si
441.538462	-35.384615	106.153846	44304.050979	Si
441.538462	-35.384615	70.769231	44304.050979	Si
441.538462	-35.384615	35.384615	44304.050979	Si
441.538462	-35.384615	0.000000	44304.050979	Si
441.538462	-35.384615	-35.384615	44304.050979	Si
441.538462	-35.384615	-70.769231	44304.050979	Si
441.538462	-35.384615	-106.153846	44304.050979	Si
441.538462	-35.384615	-141.538462	44304.050979	Si
441.538462	-35.384615	-176.923077	44304.050979	Si
441.538462	-70.769231	141.538462	44304.050979	Si
441.538462	-70.769231	106.153846	44304.050979	Si
441.538462	-70.769231	70.769231	44304.050979	Si
441.538462	-70.769231	35.384615	44304.050979	Si
441.538462	-70.769231	0.000000	44304.050979	Si
441.538462	-70.769231	-35.384615	44304.050979	Si
441.538462	-70.769231	-70.769231	44304.050979	Si
441.538462	-70.769231	-106.153846	44304.050979	Si
441.538462	-70.769231	-141.538462	44304.050979	Si
441.538462	-106.153846	141.538462	44304.050979	Si
441.538462	-106.153846	106.153846	44304.050979	Si
441.538462	-106.153846	70.769231	44304.050979	Si
441.538462	-106.153846	35.384615	44304.050979	Si
441.538462	-106.153846	0.000000	44304.050979	Si
441.538462	-106.153846	-35.384615	44304.050979	Si
441.538462	-106.153846	-70.769231	44304.050979	Si
441.538462	-106.153846	-106.153846	44304.050979	Si
441.538462	-106.153846	-141.538462	44304.050979	Si
441.538462	-141.538462	106.153846	44304.050979	Si
441.538462	-141.538462	70.769231	44304.050979	Si
441.538462	-141.538462	35.384615	44304.050979	Si
441.538462	-141.538462	0.000000	44304.050979	Si
441.538462	-141.538462	-35.384615	44304.050979	Si
441.538462	-141.538462	-70.769231	44304.050979	Si
441.538462	-141.538462	-106.153846	44304.050979	Si
441.538462	-176.923077	35.384615	44304.050979	Si
441.538462	-176.923077	0.000000	44304.050979	Si
441.538462	-176.923077	-35.384615	44304.050979	Si
406.153846	176.923077	70.769231	44304.050979	Si
406.153846	176.923077	35.384615	44304.050979	Si
406.153846	176.923077	0.000000	44304.050979	Si
406.153846	176.923077	-35.384615	44304.050979	Si
406.153846	176.923077	-70.769231	44304.050979	Si
406.153846	141.538462	141.538462	44304.050979	Si
406.153846	141.538462	106.153846	44304.050979	Si
406.153846	141.538462	70.769231	44304.050979	Si
406.153846	141.538462	35.384615	44304.050979	Si
406.153846	141.538462	0.000000	44304.050979	Si
406.153846	141.538462	-35.384615	44304.050979	Si
406.153846	141.538462	-70.769231	44304.050979	Si
406.153846	141.538462	-106.153846	44304.050979	Si
406.153846	141.538462	-141.538462	44304.050979	Si
406.153846	106.153846	141.538462	44304.050979	Si
406.153846	106.153846	106.153846	44304.050979	Si
406.153846	106.153846	70.769231	44304.050979	Si
406.153846	106.153846	35.384615	44304.050979	Si
406.153846	106.153846	0.000000	44304.050979	Si
406.153846	106.153846	-35.384615	44304.050979	Si
406.153846	106.153846	-70.769231	44304.050979	Si
406.153846	106.153846	-106.153846	44304.050979	Si
406.153846	106.153846	-141.538462	44304.050979	Si
406.153846	70.769231	176.923077	44304.050979	Si
406.153846	70.769231	141.538462	44304.050979	Si
406.153846	70.769231	106.153846	44304.050979	Si
406.153846	70.769231	70.769231	44304.050979	Si
406.153846	70.769231	35.384615	44304.050979	Si
406.153846	70.769231	0.000000	44304.050979	Si
406.153846	70.769231	-35.384615	44304.050979	Si
406.153846	70.769231	-70.769231	44304.050979	Si
406.153846	70.769231	-106.153846	44304.050979	Si
406.153846	70.769231	-141.538462	44304.050979	Si
406.153846	70.769231	-176.923077	44304.050979	Si
406.153846	35.384615	176.923077	44304.050979	Si
406.153846	35.384615	141.538462	44304.050979	Si
406.153846	35.384615	106.153846	44304.050979	Si
406.153846	35.384615	70.769231	44304.050979	Si
406.153846	35.384615	35.384615	44304.050979	Si
406.153846	35.384615	0.000000	44304.050979	Si
406.153846	35.384615	-35.384615	44304.050979	Si
406.153846	35.384615	-70.769231	44304.050979	Si
406.153846	35.384615	-106.153846	44304.050979	Si
406.153846	35.384615	-141.538462	44304.050979	Si
406.153846	35.384615	-176.923077	44304.050979	Si
406.153846	0.000000	176.923077	44304.050979	Si
406.153846	0.000000	141.538462	44304.050979	Si
406.153846	0.000000	106.153846	44304.050979	Si
406.153846	0.000000	70.769231	44304.050979	Si
406.153846	0.000000	35.384615	44304.050979	Si
406.153846	0.000000	0.000000	44304.050979	Si
406.153846	0.000000	-35.384615	44304.050979	Si
406.153846	0.000000	-70.769231	44304.050979	Si
406.153846	0.000000	-106.153846	44304.050979	Si
406.153846	0.000000	-141.538462	44304.050979	Si
406.153846	0.000000	-176.923077	44304.050979	Si
406.153846	-35.384615	176.923077	44304.050979	Si
406.153846	-35.384615	141.538462	44304.050979	Si
406.153846	-35.384615	106.153846	44304.050979	Si
406.153846	-35.384615	70.769231	44304.050979	Si
406.153846	-35.384615	35.384615	44304.050979	Si
406.153846	-35.384615	0.000000	44304.050979	Si
406.153846	-35.384615	-35.384615	44304.050979	Si
406.153846	-35.384615	-70.769231	44304.050979	Si
406.153846	-35.384615	-106.153846	44304.050979	Si
406.153846	-35.384615	-141.538462	44304.050979	Si
406.153846	-35.384615	-176.923077	44304.050979	Si
406.153846	-70.769231	176.923077	44304.050979	Si
406.153846	-70.769231	141.538462	44304.050979	Si
406.153846	-70.769231	106.153846	44304.050979	Si
406.153846	-70.769231	70.769231	44304.050979	Si
406.153846	-70.769231	35.384615	44304.050979	Si
406.153846	-70.769231	0.000000	44304.050979	Si
406.153846	-70.769231	-35.384615	44304.050979	Si
406.153846	-70.769231	-70.769231	44304.050979	Si
406.153846	-70.769231	-106.153846	44304.050979	Si
406.153846	-70.769231	-141.538462	44304.050979	Si
406.153846	-70.769231	-176.923077	44304.050979	Si
406.153846	-106.153846	141.538462	44304.050979	Si
406.153846	-106.153846	106.153846	44304.050979	Si
406.153846	-106.153846	70.769231	44304.050979	Si
406.153846	-106.153846	35.384615	44304.050979	Si
406.153846	-106.153846	0.000000	44304.050979	Si
406.153846	-106.153846	-35.384615	44304.050979	Si
406.153846	-106.153846	-70.769231	44304.050979	Si
406.153846	-106.153846	-106.153846	44304.050979	Si
406.153846	-106.153846	-141.538462	44304.050979	Si
406.153846	-141.538462	141.538462	44304.050979	Si
406.153846	-141.538462	106.153846	44304.050979	Si
406.153846	-141.538462	70.769231	44304.050979	Si
406.153846	-141.538462	35.384615	44304.050979	Si
406.153846	-141.538462	0.000000	44304.050979	Si
406.153846	-141.538462	-35.384615	44304.050979	Si
406.153846	-141.538462	-70.769231	44304.050979	Si
406.153846	-141.538462	-106.153846	44304.050979	Si
406.153846	-141.538462	-141.538462	44304.050979	Si
406.153846	-176.923077	70.769231	44304.050979	Si
406.153846	-176.923077	35.384615	44304.050979	Si
406.153846	-176.923077	0.000000	44304.050979	Si
406.153846	-176.923077	-35.384615	44304.050979	Si
406.153846	-176.923077	-70.769231	44304.050979	Si
370.769231	212.307692	35.384615	44304.050979	Si
370.769231	212.307692	0.000000	44304.050979	Si
370.769231	212.307692	-35.384615	44304.050979	Si
370.769231	176.923077	106.153846	44304.050979	Si
370.769231	176.923077	70.769231	44304.050979	Si
370.769231	176.923077	35.384615	44304.050979	Si
370.769231	176.923077	0.000000	44304.050979	Si
370.769231	176.923077	-35.384615	44304.050979	Si
370.769231	176.923077	-70.769231	44304.050979	Si
370.769231	176.923077	-106.153846	44304.050979	Si
370.769231	141.538462	141.538462	44304.050979	Si
370.769231	141.538462	106.153846	44304.050979	Si
370.769231	141.538462	70.769231	44304.050979	Si
370.769231	141.538462	35.384615	44304.050979	Si
370.769231	141.538462	0.000000	44304.050979	Si
370.769231	141.538462	-35.384615	44304.050979	Si
370.769231	141.538462	-70.769231	44304.050979	Si
370.769231	141.538462	-106.153846	44304.050979	Si
370.769231	141.538462	-141.538462	44304.050979	Si
370.769231	106.153846	176.923077	44304.050979	Si
370.769231	106.153846	141.538462	44304.050979	Si
370.769231	106.153846	106.153846	44304.050979	Si
370.769231	106.153846	70.769231	44304.050979	Si
370.769231	106.153846	35.384615	44304.050979	Si
370.769231	106.153846	0.000000	44304.050979	Si
370.769231	106.153846	-35.384615	44304.050979	Si
370.769231	106.153846	-70.769231	44304.050979	Si
370.769231	106.153846	-106.153846	44304.050979	Si
370.769231	106.153846	-141.538462	44304.050979	Si
370.769231	106.153846	-176.923077	44304.050979	Si
370.769231	70.769231	176.923077	44304.050979	Si
370.769231	70.769231	141.538462	44304.050979	Si
370.769231	70.769231	106.153846	44304.050979	Si
370.769231	70.769231	70.769231	44304.050979	Si
370.769231	70.769231	35.384615	44304.050979	Si
370.769231	70.769231	0.000000	44304.050979	Si
370.769231	70.769231	-35.384615	44304.050979	Si
370.769231	70.769231	-70.769231	44304.050979	Si
370.769231	70.769231	-106.153846	44304.050979	Si
370.769231	70.769231	-141.538462	44304.050979	Si
370.769231	70.769231	-176.923077	44304.050979	Si
370.769231	35.384615	212.307692	44304.050979	Si
370.769231	35.384615	176.923077	44304.050979	Si
370.769231	35.384615	141.538462	44304.050979	Si
370.769231	35.384615	106.153846	44304.050979	Si
370.769231	35.384615	70.769231	44304.050979	Si
370.769231	35.384615	35.384615	44304.050979	Si
370.769231	35.384615	0.000000	44304.050979	Si
370.769231	35.384615	-35.384615	44304.050979	Si
370.769231	35.384615	-70.769231	44304.050979	Si
370.769231	35.384615	-106.153846	44304.050979	Si
370.769231	35.384615	-141.538462	44304.050979	Si
370.769231	35.384615	-176.923077	44304.050979	Si
370.769231	35.384615	-212.307692	44304.050979	Si
370.769231	0.000000	212.307692	44304.050979	Si
370.769231	0.000000	176.923077	44304.050979	Si
370.769231	0.000000	141.538462	44304.050979	Si
370.769231	0.000000	106.153846	44304.050979	Si
370.769231	0.000000	70.769231	44304.050979	Si
370.769231	0.000000	35.384615	44304.050979	Si
370.769231	0.000000	0.000000	44304.050979	Si
370.769231	0.000000	-35.384615	44304.050979	Si
370.769231	0.000000	-70.769231	44304.050979	Si
370.769231	0.000000	-106.153846	44304.050979	Si
370.769231	0.000000	-141.538462	44304.050979	Si
370.769231	0.000000	-176.923077	44304.050979	Si
370.769231	0.000000	-212.307692	44304.050979	Si
370.769231	-35.384615	212.307692	44304.050979	Si
370.769231	-35.384615	176.923077	44304.050979	Si
370.769231	-35.384615	141.538462	44304.050979	Si
370.769231	-35.384615	106.153846	44304.050979	Si
370.769231	-35.384615	70.769231	44304.050979	Si
370.769231	-35.384615	35.384615	44304.050979	Si
370.769231	-35.384615	0.000000	44304.050979	Si
370.769231	-35.384615	-35.384615	44304.050979	Si
370.769231	-35.384615	-70.769231	44304.050979	Si
370.769231	-35.384615	-106.153846	44304.050979	Si
370.769231	-35.384615	-141.538462	44304.050979	Si
370.769231	-35.384615	-176.923077	44304.050979	Si
370.769231	-35.384615	-212.307692	44304.050979	Si
370.769231	-70.769231	176.923077	44304.050979	Si
370.769231	-70.769231	141.538462	44304.050979	Si
370.769231	-70.769231	106.153846	44304.050979	Si
370.769231	-70.769231	70.769231	44304.050979	Si
370.769231	-70.769231	35.384615	44304.050979	Si
370.769231	-70.769231	0.000000	44304.050979	Si
370.769231	-70.769231	-35.384615	44304.050979	Si
370.769231	-70.769231	-70.769231	44304.050979	Si
370.769231	-70.769231	-106.153846	44304.050979	Si
370.769231	-70.769231	-141.538462	44304.050979	Si
370.769231	-70.769231	-176.923077	44304.050979	Si
370.769231	-106.153846	176.923077	44304.050979	Si
370.769231	-106.153846	141.538462	44304.050979	Si
370.769231	-106.153846	106.153846	44304.050979	Si
370.769231	-106.153846	70.769231	44304.050979	Si
370.769231	-106.153846	35.384615	44304.050979	Si
370.769231	-106.153846	0.000000	44304.050979	Si
370.769231	-106.153846	-35.384615	44304.050979	Si
370.769231	-106.153846	-70.769231	44304.050979	Si
370.769231	-106.153846	-106.153846	44304.050979	Si
370.769231	-106.153846	-141.538462	44304.050979	Si
370.769231	-106.153846	-176.923077	44304.050979	Si
370.769231	-141.538462	141.538462	44304.050979	Si
370.769231	-141.538462	106.153846	44304.050979	Si
370.769231	-141.538462	70.769231	44304.050979	Si
370.769231	-141.538462	35.384615	44304.050979	Si
370.769231	-141.538462	0.000000	44304.050979	Si
370.769231	-141.538462	-35.384615	44304.050979	Si
370.769231	-141.538462	-70.769231	44304.050979	Si
370.769231	-141.538462	-106.153846	44304.050979	Si
370.769231	-141.538462	-141.538462	44304.050979	Si
370.769231	-176.923077	106.153846	44304.050979	Si
370.769231	-176.923077	70.769231	44304.050979	Si
370.769231	-176.923077	35.384615	44304.050979	Si
370.769231	-176.923077	0.000000	44304.050979	Si
370.769231	-176.923077	-35.384615	44304.050979	Si
370.769231	-176.923077	-70.769231	44304.050979	Si
370.769231	-176.923077	-106.153846	44304.050979	Si
370.769231	-212.307692	35.384615	44304.050979	Si
370.769231	-212.307692	0.000000	44304.050979	Si
370.769231	-212.307692	-35.384615	44304.050979	Si
335.384615	212.307692	70.769231	44304.050979	Si
335.384615	212.307692	35.384615	44304.050979	Si
335.384615	212.307692	0.000000	44304.050979	Si
335.384615	212.307692	-35.384615	44304.050979	Si
335.384615	212.307692	-70.769231	44304.050979	Si
335.384615	176.923077	141.538462	44304.050979	Si
335.384615	176.923077	106.153846	44304.050979	Si
335.384615	176.923077	70.769231	44304.050979	Si
335.384615	176.923077	35.384615	44304.050979	Si
335.384615	176.923077	0.000000	44304.050979	Si
335.384615	176.923077	-35.384615	44304.050979	Si
335.384615	176.923077	-70.769231	44304.050979	Si
335.384615	176.923077	-106.153846	44304.050979	Si
335.384615	176.923077	-141.538462	44304.050979	Si
335.384615	141.538462	176.923077	44304.050979	Si
335.384615	141.538462	141.538462	44304.050979	Si
335.384615	141.538462	106.153846	44304.050979	Si
335.384615	141.538462	70.769231	44304.050979	Si
335.384615	141.538462	35.384615	44304.050979	Si
335.384615	141.538462	0.000000	44304.050979	Si
335.384615	141.538462	-35.384615	44304.050979	Si
335.384615	141.538462	-70.769231	44304.050979	Si
335.384615	141.538462	-106.153846	44304.050979	Si
335.384615	141.538462	-141.538462	44304.050979	Si
335.384615	141.538462	-176.923077	44304.050979	Si
335.384615	106.153846	176.923077	44304.050979	Si
335.384615	106.153846	141.538462	44304.050979	Si
335.384615	106.153846	106.153846	44304.050979	Si
335.384615	106.153846	70.769231	44304.050979	Si
335.384615	106.153846	35.384615	44304.050979	Si
335.384615	106.153846	0.000000	44304.050979	Si
335.384615	106.153846	-35.384615	44304.050979	Si
335.384615	106.153846	-70.769231	44304.050979	Si
335.384615	106.153846	-106.153846	44304.050979	Si
335.384615	106.153846	-141.538462	44304.050979	Si
335.384615	106.153846	-176.923077	44304.050979	Si
335.384615	70.769231	212.307692	44304.050979	Si
335.384615	70.769231	176.923077	44304.050979	Si
335.384615	70.769231	141.538462	44304.050979	Si
335.384615	70.769231	106.153846	44304.050979	Si
335.384615	70.769231	70.769231	44304.050979	Si
335.384615	70.769231	35.384615	44304.050979	Si
335.384615	70.769231	0.000000	44304.050979	Si
335.384615	70.769231	-35.384615	44304.050979	Si
335.384615	70.769231	-70.769231	44304.050979	Si
335.384615	70.769231	-106.153846	44304.050979	Si
335.384615	70.769231	-141.538462	44304.050979	Si
335.384615	70.769231	-176.923077	44304.050979	Si
335.384615	70.769231	-212.307692	44304.050979	Si
335.384615	35.384615	212.307692	44304.050979	Si
335.384615	35.384615	176.923077	44304.050979	Si
335.384615	35.384615	141.538462	44304.050979	Si
335.384615	35.384615	106.153846	44304.050979	Si
335.384615	35.384615	70.769231	44304.050979	Si
335.384615	35.384615	35.384615	44304.050979	Si
335.384615	35.384615	0.000000	44304.050979	Si
335.384615	35.384615	-35.384615	44304.050979	Si
335.384615	35.384615	-70.769231	44304.050979	Si
335.384615	35.384615	-106.153846	44304.050979	Si
335.384615	35.384615	-141.538462	44304.050979	Si
335.384615	35.384615	-176.923077	44304.050979	Si
335.384615	35.384615	-212.307692	44304.050979	Si
335.384615	0.000000	212.307692	44304.050979	Si
335.384615	0.000000	176.923077	44304.050979	Si
335.384615	0.000000	141.538462	44304.050979	Si
335.384615	0.000000	106.153846	44304.050979	Si
335.384615	0.000000	70.769231	44304.050979	Si
335.384615	0.000000	35.384615	44304.050979	Si
335.384615	0.000000	0.000000	44304.050979	Si
335.384615	0.000000	-35.384615	44304.050979	Si
335.384615	0.000000	-70.769231	44304.050979	Si
335.384615	0.000000	-106.153846	44304.050979	Si
335.384615	0.000000	-141.538462	44304.050979	Si
335.384615	0.000000	-176.923077	44304.050979	Si
335.384615	0.000000	-212.307692	44304.050979	Si
335.384615	-35.384615	212.307692	44304.050979	Si
335.384615	-35.384615	176.923077	44304.050979	Si
335.384615	-35.384615	141.538462	44304.050979	Si
335.384615	-35.384615	106.153846	44304.050979	Si
335.384615	-35.384615	70.769231	44304.050979	Si
335.384615	-35.384615	35.384615	44304.050979	Si
335.384615	-35.384615	0.000000	44304.050979	Si
335.384615	-35.384615	-35.384615	44304.050979	Si
335.384615	-35.384615	-70.769231	44304.050979	Si
335.384615	-35.384615	-106.153846	44304.050979	Si
335.384615	-35.384615	-141.538462	44304.050979	Si
335.384615	-35.384615	-176.923077	44304.050979	Si
335.384615	-35.384615	-212.307692	44304.050979	Si
335.384615	-70.769231	212.307692	44304.050979	Si
335.384615	-70.769231	176.923077	44304.050979	Si
335.384615	-70.769231	141.538462	44304.050979	Si
335.384615	-70.769231	106.153846	44304.050979	Si
335.384615	-70.769231	70.769231	44304.050979	Si
335.384615	-70.769231	35.384615	44304.050979	Si
335.384615	-70.769231	0.000000	44304.050979	Si
335.384615	-70.769231	-35.384615	44304.050979	Si
335.384615	-70.769231	-70.769231	44304.050979	Si
335.384615	-70.769231	-106.153846	44304.050979	Si
335.384615	-70.769231	-141.538462	44304.050979	Si
335.384615	-70.769231	-176.923077	44304.050979	Si
335.384615	-70.769231	-212.307692	44304.050979	Si
335.384615	-106.153846	176.923077	44304.050979	Si
335.384615	-106.153846	141.538462	44304.050979	Si
335.384615	-106.153846	106.153846	44304.050979	Si
335.384615	-106.153846	70.769231	44304.050979	Si
335.384615	-106.153846	35.384615	44304.050979	Si
335.384615	-106.153846	0.000000	44304.050979	Si
335.384615	-106.153846	-35.384615	44304.050979	Si
335.384615	-106.153846	-70.769231	44304.050979	Si
335.384615	-106.153846	-106.153846	44304.050979	Si
335.384615	-106.153846	-141.538462	44304.050979	Si
335.384615	-106.153846	-176.923077	44304.050979	Si
335.384615	-141.538462	176.923077	44304.050979	Si
335.384615	-141.538462	141.538462	44304.050979	Si
335.384615	-141.538462	106.153846	44304.050979	Si
335.384615	-141.538462	70.769231	44304.050979	Si
335.384615	-141.538462	35.384615	44304.050979	Si
335.384615	-141.538462	0.000000	44304.050979	Si
335.384615	-141.538462	-35.384615	44304.050979	Si
335.384615	-141.538462	-70.769231	44304.050979	Si
335.384615	-141.538462	-106.153846	44304.050979	Si
335.384615	-141.538462	-141.538462	44304.050979	Si
335.384615	-141.538462	-176.923077	44304.050979	Si
335.384615	-176.923077	141.538462	44304.050979	Si
335.384615	-176.923077	106.153846	44304.050979	Si
335.384615	-176.923077	70.769231	44304.050979	Si
335.384615	-176.923077	35.384615	44304.050979	Si
335.384615	-176.923077	0.000000	44304.050979	Si
335.384615	-176.923077	-35.384615	44304.050979	Si
335.384615	-176.923077	-70.769231	44304.050979	Si
335.384615	-176.923077	-106.153846	44304.050979	Si
335.384615	-176.923077	-141.538462	44304.050979	Si
335.384615	-212.307692	70.769231	44304.050979	Si
335.384615	-212.307692	35.384615	44304.050979	Si
335.384615	-212.307692	0.000000	44304.050979	Si
335.384615	-212.307692	-35.384615	44304.050979	Si
335.384615	-212.307692	-70.769231	44304.050979	Si
300.000000	212.307692	70.769231	44304.050979	Si
300.000000	212.307692	35.384615	44304.050979	Si
300.000000	212.307692	0.000000	44304.050979	Si
300.000000	212.307692	-35.384615	44304.050979	Si
300.000000	212.307692	-70.769231	44304.050979	Si
300.000000	176.923077	141.538462	44304.050979	Si
300.000000	176.923077	106.153846	44304.050979	Si
300.000000	176.923077	70.769231	44304.050979	Si
300.000000	176.923077	35.384615	44304.050979	Si
300.000000	176.923077	0.000000	44304.050979	Si
300.000000	176.923077	-35.384615	44304.050979	Si
300.000000	176.923077	-70.769231	44304.050979	Si
300.000000	176.923077	-106.153846	44304.050979	Si
300.000000	176.923077	-141.538462	44304.050979	Si
300.000000	141.538462	176.923077	44304.050979	Si
300.000000	141.538462	141.538462	44304.050979	Si
300.000000	141.538462	106.153846	44304.050979	Si
300.000000	141.538462	70.769231	44304.050979	Si
300.000000	141.538462	35.384615	44304.050979	Si
300.000000	141.538462	0.000000	44304.050979	Si
300.000000	141.538462	-35.384615	44304.050979	Si
300.000000	141.538462	-70.769231	44304.050979	Si
300.000000	141.538462	-106.153846	44304.050979	Si
300.000000	141.538462	-141.538462	44304.050979	Si
300.000000	141.538462	-176.923077	44304.050979	Si
300.000000	106.153846	176.923077	44304.050979	Si
300.000000	106.153846	141.538462	44304.050979	Si
300.000000	106.153846	106.153846	44304.050979	Si
300.000000	106.153846	70.769231	44304.050979	Si
300.000000	106.153846	35.384615	44304.050979	Si
300.000000	106.153846	0.000000	44304.050979	Si
300.000000	106.153846	-35.384615	44304.050979	Si
300.000000	106.153846	-70.769231	44304.050979	Si
300.000000	106.153846	-106.153846	44304.050979	Si
300.000000	106.153846	-141.538462	44304.050979	Si
300.000000	106.153846	-176.923077	44304.050979	Si
300.000000	70.769231	212.307692	44304.050979	Si
300.000000	70.769231	176.923077	44304.050979	Si
300.000000	70.769231	141.538462	44304.050979	Si
300.000000	70.769231	106.153846	44304.050979	Si
300.000000	70.769231	70.769231	44304.050979	Si
300.000000	70.769231	35.384615	44304.050979	Si
300.000000	70.769231	0.000000	44304.050979	Si
300.000000	70.769231	-35.384615	44304.050979	Si
300.000000	70.769231	-70.769231	44304.050979	Si
300.000000	70.769231	-106.153846	44304.050979	Si
300.000000	70.769231	-141.538462	44304.050979	Si
300.000000	70.769231	-176.923077	44304.050979	Si
300.000000	70.769231	-212.307692	44304.050979	Si
300.000000	35.384615	212.307692	44304.050979	Si
300.000000	35.384615	176.923077	44304.050979	Si
300.000000	35.384615	141.538462	44304.050979	Si
300.000000	35.384615	106.153846	44304.050979	Si
300.000000	35.384615	70.769231	44304.050979	Si
300.000000	35.384615	35.384615	44304.050979	Si
300.000000	35.384615	0.000000	44304.050979	Si
300.000000	35.384615	-35.384615	44304.050979	Si
300.000000	35.384615	-70.769231	44304.050979	Si
300.000000	35.384615	-106.153846	44304.050979	Si
300.000000	35.384615	-141.538462	44304.050979	Si
300.000000	35.384615	-176.923077	44304.050979	Si
300.000000	35.384615	-212.307692	44304.050979	Si
300.000000	0.000000	212.307692	44304.050979	Si
300.000000	0.000000	176.923077	44304.050979	Si
300.000000	0.000000	141.538462	44304.050979	Si
300.000000	0.000000	106.153846	44304.050979	Si
300.000000	0.000000	70.769231	44304.050979	Si
300.000000	0.000000	35.384615	44304.050979	Si
300.000000	0.000000	0.000000	44304.050979	Si
300.000000	0.000000	-35.384615	44304.050979	Si
300.000000	0.000000	-70.769231	44304.050979	Si
300.000000	0.000000	-106.153846	44304.050979	Si
300.000000	0.000000	-141.538462	44304.050979	Si
300.000000	0.000000	-176.923077	44304.050979	Si
300.000000	0.000000	-212.307692	44304.050979	Si
300.000000	-35.384615	212.307692	44304.050979	Si
300.000000	-35.384615	176.923077	44304.050979	Si
300.000000	-35.384615	141.538462	44304.050979	Si
300.000000	-35.384615	106.153846	44304.050979	Si
300.000000	-35.384615	70.769231	44304.050979	Si
300.000000	-35.384615	35.384615	44304.050979	Si
300.000000	-35.384615	0.000000	44304.050979	Si
300.000000	-35.384615	-35.384615	44304.050979	Si
300.000000	-35.384615	-70.769231	44304.050979	Si
300.000000	-35.384615	-106.153846	44304.050979	Si
300.000000	-35.384615	-141.538462	44304.050979	Si
300.000000	-35.384615	-176.923077	44304.050979	Si
300.000000	-35.384615	-212.307692	44304.050979	Si
300.000000	-70.769231	212.307692	44304.050979	Si
300.000000	-70.769231	176.923077	44304.050979	Si
300.000000	-70.769231	141.538462	44304.050979	Si
300.000000	-70.769231	106.153846	44304.050979	Si
300.000000	-70.769231	70.769231	44304.050979	Si
300.000000	-70.769231	35.384615	44304.050979	Si
300.000000	-70.769231	0.000000	44304.050979	Si
300.000000	-70.769231	-35.384615	44304.050979	Si
300.000000	-70.769231	-70.769231	44304.050979	Si
300.000000	-70.769231	-106.153846	44304.050979	Si
300.000000	-70.769231	-141.538462	44304.050979	Si
300.000000	-70.769231	-176.923077	44304.050979	Si
300.000000	-70.769231	-212.307692	44304.050979	Si
300.000000	-106.153846	176.923077	44304.050979	Si
300.000000	-106.153846	141.538462	44304.050979	Si
300.000000	-106.153846	106.153846	44304.050979	Si
300.000000	-106.153846	70.769231	44304.050979	Si
300.000000	-106.153846	35.384615	44304.050979	Si
300.000000	-106.153846	0.000000	44304.050979	Si
300.000000	-106.153846	-35.384615	44304.050979	Si
300.000000	-106.153846	-70.769231	44304.050979	Si
300.000000	-106.153846	-106.153846	44304.050979	Si
300.000000	-106.153846	-141.538462	44304.050979	Si
300.000000	-106.153846	-176.923077	44304.050979	Si
300.000000	-141.538462	176.923077	44304.050979	Si
300.000000	-141.538462	141.538462	44304.050979	Si
300.000000	-141.538462	106.153846	44304.050979	Si
300.000000	-141.538462	70.769231	44304.050979	Si
300.000000	-141.538462	35.384615	44304.050979	Si
300.000000	-141.538462	0.000000	44304.050979	Si
300.000000	-141.538462	-35.384615	44304.050979	Si
300.000000	-141.538462	-70.769231	44304.050979	Si
300.000000	-141.538462	-106.153846	44304.050979	Si
300.000000	-141.538462	-141.538462	44304.050979	Si
300.000000	-141.538462	-176.923077	44304.050979	Si
300.000000	-176.923077	141.538462	44304.050979	Si
300.000000	-176.923077	106.153846	44304.050979	Si
300.000000	-176.923077	70.769231	44304.050979	Si
300.000000	-176.923077	35.384615	44304.050979	Si
300.000000	-176.923077	0.000000	44304.050979	Si
300.000000	-176.923077	-35.384615	44304.050979	Si
300.000000	-176.923077	-70.769231	44304.050979	Si
300.000000	-176.923077	-106.153846	44304.050979	Si
300.000000	-176.923077	-141.538462	44304.050979	Si
300.000000	-212.307692	70.769231	44304.050979	Si
300.000000	-212.307692	35.384615	44304.050979	Si
300.000000	-212.307692	0.000000	44304.050979	Si
300.000000	-212.307692	-35.384615	44304.050979	Si
300.000000	-212.307692	-70.769231	44304.050979	Si
264.615385	212.307692	70.769231	44304.050979	Si
264.615385	212.307692	35.384615	44304.050979	Si
264.615385	212.307692	0.000000	44304.050979	Si
264.615385	212.307692	-35.384615	44304.050979	Si
264.615385	212.307692	-70.769231	44304.050979	Si
264.615385	176.923077	141.538462	44304.050979	Si
264.615385	176.923077	106.153846	44304.050979	Si
264.615385	176.923077	70.769231	44304.050979	Si
264.615385	176.923077	35.384615	44304.050979	Si
264.615385	176.923077	0.000000	44304.050979	Si
264.615385	176.923077	-35.384615	44304.050979	Si
264.615385	176.923077	-70.769231	44304.050979	Si
264.615385	176.923077	-106.153846	44304.050979	Si
264.615385	176.923077	-141.538462	44304.050979	Si
264.615385	141.538462	176.923077	44304.050979	Si
264.615385	141.538462	141.538462	44304.050979	Si
264.615385	141.538462	106.153846	44304.050979	Si
264.615385	141.538462	70.769231	44304.050979	Si
264.615385	141.538462	35.384615	44304.050979	Si
264.615385	141.538462	0.000000	44304.050979	Si
264.615385	141.538462	-35.384615	44304.050979	Si
264.615385	141.538462	-70.769231	44304.050979	Si
264.615385	141.538462	-106.153846	44304.050979	Si
264.615385	141.538462	-141.538462	44304.050979	Si
264.615385	141.538462	-176.923077	44304.050979	Si
264.615385	106.153846	176.923077	44304.050979	Si
264.615385	106.153846	141.538462	44304.050979	Si
264.615385	106.153846	106.153846	44304.050979	Si
264.615385	106.153846	70.769231	44304.050979	Si
264.615385	106.153846	35.384615	44304.050979	Si
264.615385	106.153846	0.000000	44304.050979	Si
264.615385	106.153846	-35.384615	44304.050979	Si
264.615385	106.153846	-70.769231	44304.050979	Si
264.615385	106.153846	-106.153846	44304.050979	Si
264.615385	106.153846	-141.538462	44304.050979	Si
264.615385	106.153846	-176.923077	44304.050979	Si
264.615385	70.769231	212.307692	44304.050979	Si
264.615385	70.769231	176.923077	44304.050979	Si
264.615385	70.769231	141.538462	44304.050979	Si
264.615385	70.769231	106.153846	44304.050979	Si
264.615385	70.769231	70.769231	44304.050979	Si
264.615385	70.769231	35.384615	44304.050979	Si
264.615385	70.769231	0.000000	44304.050979	Si
264.615385	70.769231	-35.384615	44304.050979	Si
264.615385	70.769231	-70.769231	44304.050979	Si
264.615385	70.769231	-106.153846	44304.050979	Si
264.615385	70.769231	-141.538462	44304.050979	Si
264.615385	70.769231	-176.923077	44304.050979	Si
264.615385	70.769231	-212.307692	44304.050979	Si
264.615385	35.384615	212.307692	44304.050979	Si
264.615385	35.384615	176.923077	44304.050979	Si
264.615385	35.384615	141.538462	44304.050979	Si
264.615385	35.384615	106.153846	44304.050979	Si
264.615385	35.384615	70.769231	44304.050979	Si
264.615385	35.384615	35.384615	44304.050979	Si
264.615385	35.384615	0.000000	44304.050979	Si
264.615385	35.384615	-35.384615	44304.050979	Si
264.615385	35.384615	-70.769231	44304.050979	Si
264.615385	35.384615	-106.153846	44304.050979	Si
264.615385	35.384615	-141.538462	44304.050979	Si
264.615385	35.384615	-176.923077	44304.050979	Si
264.615385	35.384615	-212.307692	44304.050979	Si
264.615385	0.000000	212.307692	44304.050979	Si
264.615385	0.000000	176.923077	44304.050979	Si
264.615385	0.000000	141.538462	44304.050979	Si
264.615385	0.000000	106.153846	44304.050979	Si
264.615385	0.000000	70.769231	44304.050979	Si
264.615385	0.000000	35.384615	44304.050979	Si
264.615385	0.000000	0.000000	44304.050979	Si
264.615385	0.000000	-35.384615	44304.050979	Si
264.615385	0.000000	-70.769231	44304.050979	Si
264.615385	0.000000	-106.153846	44304.050979	Si
264.615385	0.000000	-141.538462	44304.050979	Si
264.615385	0.000000	-176.923077	44304.050979	Si
264.615385	0.000000	-212.307692	44304.050979	Si
264.615385	-35.384615	212.307692	44304.050979	Si
264.615385	-35.384615	176.923077	44304.050979	Si
264.615385	-35.384615	141.538462	44304.050979	Si
264.615385	-35.384615	106.153846	44304.050979	Si
264.615385	-35.384615	70.769231	44304.050979	Si
264.615385	-35.384615	35.384615	44304.050979	Si
264.615385	-35.384615	0.000000	44304.050979	Si
264.615385	-35.384615	-35.384615	44304.050979	Si
264.615385	-35.384615	-70.769231	44304.050979	Si
264.615385	-35.384615	-106.153846	44304.050979	Si
264.615385	-35.384615	-141.538462	44304.050979	Si
264.615385	-35.384615	-176.923077	44304.050979	Si
264.615385	-35.384615	-212.307692	44304.050979	Si
264.615385	-70.769231	212.307692	44304.050979	Si
264.615385	-70.769231	176.923077	44304.050979	Si
264.615385	-70.769231	141.538462	44304.050979	Si
264.615385	-70.769231	106.153846	44304.050979	Si
264.615385	-70.769231	70.769231	44304.050979	Si
264.615385	-70.769231	35.384615	44304.050979	Si
264.615385	-70.769231	0.000000	44304.050979	Si
264.615385	-70.769231	-35.384615	44304.050979	Si
264.615385	-70.769231	-70.769231	44304.050979	Si
264.615385	-70.769231	-106.153846	44304.050979	Si
264.615385	-70.769231	-141.538462	44304.050979	Si
264.615385	-70.769231	-176.923077	44304.050979	Si
264.615385	-70.769231	-212.307692	44304.050979	Si
264.615385	-106.153846	176.923077	44304.050979	Si
264.615385	-106.153846	141.538462	44304.050979	Si
264.615385	-106.153846	106.153846	44304.050979	Si
264.615385	-106.153846	70.769231	44304.050979	Si
264.615385	-106.153846	35.384615	44304.050979	Si
264.615385	-106.153846	0.000000	44304.050979	Si
264.615385	-106.153846	-35.384615	44304.050979	Si
264.615385	-106.153846	-70.769231	44304.050979	Si
264.615385	-106.153846	-106.153846	44304.050979	Si
264.615385	-106.153846	-141.538462	44304.050979	Si
264.615385	-106.153846	-176.923077	44304.050979	Si
264.615385	-141.538462	176.923077	44304.050979	Si
264.615385	-141.538462	141.538462	44304.050979	Si
264.615385	-141.538462	106.153846	44304.050979	Si
264.615385	-141.538462	70.769231	44304.050979	Si
264.615385	-141.538462	35.384615	44304.050979	Si
264.615385	-141.538462	0.000000	44304.050979	Si
264.615385	-141.538462	-35.384615	44304.050979	Si
264.615385	-141.538462	-70.769231	44304.050979	Si
264.615385	-141.538462	-106.153846	44304.050979	Si
264.615385	-141.538462	-141.538462	44304.050979	Si
264.615385	-141.538462	-176.923077	44304.050979	Si
264.615385	-176.923077	141.538462	44304.050979	Si
264.615385	-176.923077	106.153846	44304.050979	Si
264.615385	-176.923077	70.769231	44304.050979	Si
264.615385	-176.923077	35.384615	44304.050979	Si
264.615385	-176.923077	0.000000	44304.050979	Si
264.615385	-176.923077	-35.384615	44304.050979	Si
264.615385	-176.923077	-70.769231	44304.050979	Si
264.615385	-176.923077	-106.153846	44304.050979	Si
264.615385	-176.923077	-141.538462	44304.050979	Si
264.615385	-212.307692	70.769231	44304.050979	Si
264.615385	-212.307692	35.384615	44304.050979	Si
264.615385	-212.307692	0.000000	44304.050979	Si
264.615385	-212.307692	-35.384615	44304.050979	Si
264.615385	-212.307692	-70.769231	44304.050979	Si
229.230769	212.307692	35.384615	44304.050979	Si
229.230769	212.307692	0.000000	44304.050979	Si
229.230769	212.307692	-35.384615	44304.050979	Si
229.230769	176.923077	106.153846	44304.050979	Si
229.230769	176.923077	70.769231	44304.050979	Si
229.230769	176.923077	35.384615	44304.050979	Si
229.230769	176.923077	0.000000	44304.050979	Si
229.230769	176.923077	-35.384615	44304.050979	Si
229.230769	176.923077	-70.769231	44304.050979	Si
229.230769	176.923077	-106.153846	44304.050979	Si
229.230769	141.538462	141.538462	44304.050979	Si
229.230769	141.538462	106.153846	44304.050979	Si
229.230769	141.538462	70.769231	44304.050979	Si
229.230769	141.538462	35.384615	44304.050979	Si
229.230769	141.538462	0.000000	44304.050979	Si
229.230769	141.538462	-35.384615	44304.050979	Si
229.230769	141.538462	-70.769231	44304.050979	Si
229.230769	141.538462	-106.153846	44304.050979	Si
229.230769	141.538462	-141.538462	44304.050979	Si
229.230769	106.153846	176.923077	44304.050979	Si
229.230769	106.153846	141.538462	44304.050979	Si
229.230769	106.153846	106.153846	44304.050979	Si
229.230769	106.153846	70.769231	44304.050979	Si
229.230769	106.153846	35.384615	44304.050979	Si
229.230769	106.153846	0.000000	44304.050979	Si
229.230769	106.153846	-35.384615	44304.050979	Si
229.230769	106.153846	-70.769231	44304.050979	Si
229.230769	106.153846	-106.153846	44304.050979	Si
229.230769	106.153846	-141.538462	44304.050979	Si
229.230769	106.153846	-176.923077	44304.050979	Si
229.230769	70.769231	176.923077	44304.050979	Si
229.230769	70.769231	141.538462	44304.050979	Si
229.230769	70.769231	106.153846	44304.050979	Si
229.230769	70.769231	70.769231	44304.050979	Si
229.230769	70.769231	35.384615	44304.050979	Si
229.230769	70.769231	0.000000	44304.050979	Si
229.230769	70.769231	-35.384615	44304.050979	Si
229.230769	70.769231	-70.769231	44304.050979	Si
229.230769	70.769231	-106.153846	44304.050979	Si
229.230769	70.769231	-141.538462	44304.050979	Si
229.230769	70.769231	-176.923077	44304.050979	Si
229.230769	35.384615	212.307692	44304.050979	Si
229.230769	35.384615	176.923077	44304.050979	Si
229.230769	35.384615	141.538462	44304.050979	Si
229.230769	35.384615	106.153846	44304.050979	Si
229.230769	35.384615	70.769231	44304.050979	Si
229.230769	35.384615	35.384615	44304.050979	Si
229.230769	35.384615	0.000000	44304.050979	Si
229.230769	35.384615	-35.384615	44304.050979	Si
229.230769	35.384615	-70.769231	44304.050979	Si
229.230769	35.384615	-106.153846	44304.050979	Si
229.230769	35.384615	-141.538462	44304.050979	Si
229.230769	35.384615	-176.923077	44304.050979	Si
229.230769	35.384615	-212.307692	44304.050979	Si
229.230769	0.000000	212.307692	44304.050979	Si
229.230769	0.000000	176.923077	44304.050979	Si
229.230769	0.000000	141.538462	44304.050979	Si
229.230769	0.000000	106.153846	44304.050979	Si
229.230769	0.000000	70.769231	44304.050979	Si
229.230769	0.000000	35.384615	44304.050979	Si
229.230769	0.000000	0.000000	44304.050979	Si
229.230769	0.000000	-35.384615	44304.050979	Si
229.230769	0.000000	-70.769231	44304.050979	Si
229.230769	0.000000	-106.153846	44304.050979	Si
229.230769	0.000000	-141.538462	44304.050979	Si
229.230769	0.000000	-176.923077	44304.050979	Si
229.230769	0.000000	-212.307692	44304.050979	Si
229.230769	-35.384615	212.307692	44304.050979	Si
229.230769	-35.384615	176.923077	44304.050979	Si
229.230769	-35.384615	141.538462	44304.050979	Si
229.230769	-35.384615	106.153846	44304.050979	Si
229.230769	-35.384615	70.769231	44304.050979	Si
229.230769	-35.384615	35.384615	44304.050979	Si
229.230769	-35.384615	0.000000	44304.050979	Si
229.230769	-35.384615	-35.384615	44304.050979	Si
229.230769	-35.384615	-70.769231	44304.050979	Si
229.230769	-35.384615	-106.153846	44304.050979	Si
229.230769	-35.384615	-141.538462	44304.050979	Si
229.230769	-35.384615	-176.923077	44304.050979	Si
229.230769	-35.384615	-212.307692	44304.050979	Si
229.230769	-70.769231	176.923077	44304.050979	Si
229.230769	-70.769231	141.538462	44304.050979	Si
229.230769	-70.769231	106.153846	44304.050979	Si
229.230769	-70.769231	70.769231	44304.050979	Si
229.230769	-70.769231	35.384615	44304.050979	Si
229.230769	-70.769231	0.000000	44304.050979	Si
229.230769	-70.769231	-35.384615	44304.050979	Si
229.230769	-70.769231	-70.769231	44304.050979	Si
229.230769	-70.769231	-106.153846	44304.050979	Si
229.230769	-70.769231	-141.538462	44304.050979	Si
229.230769	-70.769231	-176.923077	44304.050979	Si
229.230769	-106.153846	176.923077	44304.050979	Si
229.230769	-106.153846	141.538462	44304.050979	Si
229.230769	-106.153846	106.153846	44304.050979	Si
229.230769	-106.153846	70.769231	44304.050979	Si
229.230769	-106.153846	35.384615	44304.050979	Si
229.230769	-106.153846	0.000000	44304.050979	Si
229.230769	-106.153846	-35.384615	44304.050979	Si
229.230769	-106.153846	-70.769231	44304.050979	Si
229.230769	-106.153846	-106.153846	44304.050979	Si
229.230769	-106.153846	-141.538462	44304.050979	Si
229.230769	-106.153846	-176.923077	44304.050979	Si
229.230769	-141.538462	141.538462	44304.050979	Si
229.230769	-141.538462	106.153846	44304.050979	Si
229.230769	-141.538462	70.769231	44304.050979	Si
229.230769	-141.538462	35.384615	44304.050979	Si
229.230769	-141.538462	0.000000	44304.050979	Si
229.230769	-141.538462	-35.384615	44304.050979	Si
229.230769	-141.538462	-70.769231	44304.050979	Si
229.230769	-141.538462	-106.153846	44304.050979	Si
229.230769	-141.538462	-141.538462	44304.050979	Si
229.230769	-176.923077	106.153846	44304.050979	Si
229.230769	-176.923077	70.769231	44304.050979	Si
229.230769	-176.923077	35.384615	44304.050979	Si
229.230769	-176.923077	0.000000	44304.050979	Si
229.230769	-176.923077	-35.384615	44304.050979	Si
229.230769	-176.923077	-70.769231	44304.050979	Si
229.230769	-176.923077	-106.153846	44304.050979	Si
229.230769	-212.307692	35.384615	44304.050979	Si
229.230769	-212.307692	0.000000	44304.050979	Si
229.230769	-212.307692	-35.384615	44304.050979	Si
193.846154	176.923077	70.769231	44304.050979	Si
193.846154	176.923077	35.384615	44304.050979	Si
193.846154	176.923077	0.000000	44304.050979	Si
193.846154	176.923077	-35.384615	44304.050979	Si
193.846154	176.923077	-70.769231	44304.050979	Si
193.846154	141.538462	141.538462	44304.050979	Si
193.846154	141.538462	106.153846	44304.050979	Si
193.846154	141.538462	70.769231	44304.050979	Si
193.846154	141.538462	35.384615	44304.050979	Si
193.846154	141.538462	0.000000	44304.050979	Si
193.846154	141.538462	-35.384615	44304.050979	Si
193.846154	141.538462	-70.769231	44304.050979	Si
193.846154	141.538462	-106.153846	44304.050979	Si
193.846154	141.538462	-141.538462	44304.050979	Si
193.846154	106.153846	141.538462	44304.050979	Si
193.846154	106.153846	106.153846	44304.050979	Si
193.846154	106.153846	70.769231	44304.050979	Si
193.846154	106.153846	35.384615	44304.050979	Si
193.846154	106.153846	0.000000	44304.050979	Si
193.846154	106.153846	-35.384615	44304.050979	Si
193.846154	106.153846	-70.769231	44304.050979	Si
193.846154	106.153846	-106.153846	44304.050979	Si
193.846154	106.153846	-141.538462	44304.050979	Si
193.846154	70.769231	176.923077	44304.050979	Si
193.846154	70.769231	141.538462	44304.050979	Si
193.846154	70.769231	106.153846	44304.050979	Si
193.846154	70.769231	70.769231	44304.050979	Si
193.846154	70.769231	35.384615	44304.050979	Si
193.846154	70.769231	0.000000	44304.050979	Si
193.846154	70.769231	-35.384615	44304.050979	Si
193.846154	70.769231	-70.769231	44304.050979	Si
193.846154	70.769231	-106.153846	44304.050979	Si
193.846154	70.769231	-141.538462	44304.050979	Si
193.846154	70.769231	-176.923077	44304.050979	Si
193.846154	35.384615	176.923077	44304.050979	Si
193.846154	35.384615	141.538462	44304.050979	Si
193.846154	35.384615	106.153846	44304.050979	Si
193.846154	35.384615	70.769231	44304.050979	Si
193.846154	35.384615	35.384615	44304.050979	Si
193.846154	35.384615	0.000000	44304.050979	Si
193.846154	35.384615	-35.384615	44304.050979	Si
193.846154	35.384615	-70.769231	44304.050979	Si
193.846154	35.384615	-106.153846	44304.050979	Si
193.846154	35.384615	-141.538462	44304.050979	Si
193.846154	35.384615	-176.923077	44304.050979	Si
193.846154	0.000000	176.923077	44304.050979	Si
193.846154	0.000000	141.538462	44304.050979	Si
193.846154	0.000000	106.153846	44304.050979	Si
193.846154	0.000000	70.769231	44304.050979	Si
193.846154	0.000000	35.384615	44304.050979	Si
193.846154	0.000000	0.000000	44304.050979	Si
193.846154	0.000000	-35.384615	44304.050979	Si
193.846154	0.000000	-70.769231	44304.050979	Si
193.846154	0.000000	-106.153846	44304.050979	Si
193.846154	0.000000	-141.538462	44304.050979	Si
193.846154	0.000000	-176.923077	44304.050979	Si
193.846154	-35.384615	176.923077	44304.050979	Si
193.846154	-35.384615	141.538462	44304.050979	Si
193.846154	-35.384615	106.153846	44304.050979	Si
193.846154	-35.384615	70.769231	44304.050979	Si
193.846154	-35.384615	35.384615	44304.050979	Si
193.846154	-35.384615	0.000000	44304.050979	Si
193.846154	-35.384615	-35.384615	44304.050979	Si
193.846154	-35.384615	-70.769231	44304.050979	Si
193.846154	-35.384615	-106.153846	44304.050979	Si
193.846154	-35.384615	-141.538462	44304.050979	Si
193.846154	-35.384615	-176.923077	44304.050979	Si
193.846154	-70.769231	176.923077	44304.050979	Si
193.846154	-70.769231	141.538462	44304.050979	Si
193.846154	-70.769231	106.153846	44304.050979	Si
193.846154	-70.769231	70.769231	44304.050979	Si
193.846154	-70.769231	35.384615	44304.050979	Si
193.846154	-70.769231	0.000000	44304.050979	Si
193.846154	-70.769231	-35.384615	44304.050979	Si
193.846154	-70.769231	-70.769231	44304.050979	Si
193.846154	-70.769231	-106.153846	44304.050979	Si
193.846154	-70.769231	-141.538462	44304.050979	Si
193.846154	-70.769231	-176.923077	44304.050979	Si
193.846154	-106.153846	141.538462	44304.050979	Si
193.846154	-106.153846	106.153846	44304.050979	Si
193.846154	-106.153846	70.769231	44304.050979	Si
193.846154	-106.153846	35.384615	44304.050979	Si
193.846154	-106.153846	0.000000	44304.050979	Si
193.846154	-106.153846	-35.384615	44304.050979	Si
193.846154	-106.153846	-70.769231	44304.050979	Si
193.846154	-106.153846	-106.153846	44304.050979	Si
193.846154	-106.153846	-141.538462	44304.050979	Si
193.846154	-141.538462	141.538462	44304.050979	Si
193.846154	-141.538462	106.153846	44304.050979	Si
193.846154	-141.538462	70.769231	44304.050979	Si
193.846154	-141.538462	35.384615	44304.050979	Si
193.846154	-141.538462	0.000000	44304.050979	Si
193.846154	-141.538462	-35.384615	44304.050979	Si
193.846154	-141.538462	-70.769231	44304.050979	Si
193.846154	-141.538462	-106.153846	44304.050979	Si
193.846154	-141.538462	-141.538462	44304.050979	Si
193.846154	-176.923077	70.769231	44304.050979	Si
193.846154	-176.923077	35.384615	44304.050979	Si
193.846154	-176.923077	0.000000	44304.050979	Si
193.846154	-176.923077	-35.384615	44304.050979	Si
193.846154	-176.923077	-70.769231	44304.050979	Si
158.461538	176.923077	35.384615	44304.050979	Si
158.461538	176.923077	0.000000	44304.050979	Si
158.461538	176.923077	-35.384615	44304.050979	Si
158.461538	141.538462	106.153846	44304.050979	Si
158.461538	141.538462	70.769231	44304.050979	Si
158.461538	141.538462	35.384615	44304.050979	Si
158.461538	141.538462	0.000000	44304.050979	Si
158.461538	141.538462	-35.384615	44304.050979	Si
158.461538	141.538462	-70.769231	44304.050979	Si
158.461538	141.538462	-106.153846	44304.050979	Si
158.461538	106.153846	141.538462	44304.050979	Si
158.461538	106.153846	106.153846	44304.050979	Si
158.461538	106.153846	70.769231	44304.050979	Si
158.461538	106.153846	35.384615	44304.050979	Si
158.461538	106.153846	0.000000	44304.050979	Si
158.461538	106.153846	-35.384615	44304.050979	Si
158.461538	106.153846	-70.769231	44304.050979	Si
158.461538	106.153846	-106.153846	44304.050979	Si
158.461538	106.153846	-141.538462	44304.050979	Si
158.461538	70.769231	141.538462	44304.050979	Si
158.461538	70.769231	106.153846	44304.050979	Si
158.461538	70.769231	70.769231	44304.050979	Si
158.461538	70.769231	35.384615	44304.050979	Si
158.461538	70.769231	0.000000	44304.050979	Si
158.461538	70.769231	-35.384615	44304.050979	Si
158.461538	70.769231	-70.769231	44304.050979	Si
158.461538	70.769231	-106.153846	44304.050979	Si
158.461538	70.769231	-141.538462	44304.050979	Si
158.461538	35.384615	176.923077	44304.050979	Si
158.461538	35.384615	141.538462	44304.050979	Si
158.461538	35.384615	106.153846	44304.050979	Si
158.461538	35.384615	70.769231	44304.050979	Si
158.461538	35.384615	35.384615	44304.050979	Si
158.461538	35.384615	0.000000	44304.050979	Si
158.461538	35.384615	-35.384615	44304.050979	Si
158.461538	35.384615	-70.769231	44304.050979	Si
158.461538	35.384615	-106.153846	44304.050979	Si
158.461538	35.384615	-141.538462	44304.050979	Si
158.461538	35.384615	-176.923077	44304.050979	Si
158.461538	0.000000	176.923077	44304.050979	Si
158.461538	0.000000	141.538462	44304.050979	Si
158.461538	0.000000	106.153846	44304.050979	Si
158.461538	0.000000	70.769231	44304.050979	Si
158.461538	0.000000	35.384615	44304.050979	Si
158.461538	0.000000	0.000000	44304.050979	Si
158.461538	0.000000	-35.384615	44304.050979	Si
158.461538	0.000000	-70.769231	44304.050979	Si
158.461538	0.000000	-106.153846	44304.050979	Si
158.461538	0.000000	-141.538462	44304.050979	Si
158.461538	0.000000	-176.923077	44304.050979	Si
158.461538	-35.384615	176.923077	44304.050979	Si
158.461538	-35.384615	141.538462	44304.050979	Si
158.461538	-35.384615	106.153846	44304.050979	Si
158.461538	-35.384615	70.769231	44304.050979	Si
158.461538	-35.384615	35.384615	44304.050979	Si
158.461538	-35.384615	0.000000	44304.050979	Si
158.461538	-35.384615	-35.384615	44304.050979	Si
158.461538	-35.384615	-70.769231	44304.050979	Si
158.461538	-35.384615	-106.153846	44304.050979	Si
158.461538	-35.384615	-141.538462	44304.050979	Si
158.461538	-35.384615	-176.923077	44304.050979	Si
158.461538	-70.769231	141.538462	44304.050979	Si
158.461538	-70.769231	106.153846	44304.050979	Si
158.461538	-70.769231	70.769231	44304.050979	Si
158.461538	-70.769231	35.384615	44304.050979	Si
158.461538	-70.769231	0.000000	44304.050979	Si
158.461538	-70.769231	-35.384615	44304.050979	Si
158.461538	-70.769231	-70.769231	44304.050979	Si
158.461538	-70.769231	-106.153846	44304.050979	Si
158.461538	-70.769231	-141.538462	44304.050979	Si
158.461538	-106.153846	141.538462	44304.050979	Si
158.461538	-106.153846	106.153846	44304.050979	Si
158.461538	-106.153846	70.769231	44304.050979	Si
158.461538	-106.153846	35.384615	44304.050979	Si
158.461538	-106.153846	0.000000	44304.050979	Si
158.461538	-106.153846	-35.384615	44304.050979	Si
158.461538	-106.153846	-70.769231	44304.050979	Si
158.461538	-106.153846	-106.153846	44304.050979	Si
158.461538	-106.153846	-141.538462	44304.050979	Si
158.461538	-141.538462	106.153846	44304.050979	Si
158.461538	-141.538462	70.769231	44304.050979	Si
158.461538	-141.538462	35.384615	44304.050979	Si
158.461538	-141.538462	0.000000	44304.050979	Si
158.461538	-141.538462	-35.384615	44304.050979	Si
158.461538	-141.538462	-70.769231	44304.050979	Si
158.461538	-141.538462	-106.153846	44304.050979	Si
158.461538	-176.923077	35.384615	44304.050979	Si
158.461538	-176.923077	0.000000	44304.050979	Si
158.461538	-176.923077	-35.384615	44304.050979	Si
123.076923	141.538462	35.384615	44304.050979	Si
123.076923	141.538462	0.000000	44304.050979	Si
123.076923	141.538462	-35.384615	44304.050979	Si
123.076923	106.153846	70.769231	44304.050979	Si
123.076923	106.153846	35.384615	44304.050979	Si
123.076923	106.153846	0.000000	44304.050979	Si
123.076923	106.153846	-35.384615	44304.050979	Si
123.076923	106.153846	-70.769231	44304.050979	Si
123.076923	70.769231	106.153846	44304.050979	Si
123.076923	70.769231	70.769231	44304.050979	Si
123.076923	70.769231	35.384615	44304.050979	Si
123.076923	70.769231	0.000000	44304.050979	Si
123.076923	70.769231	-35.384615	44304.050979	Si
123.076923	70.769231	-70.769231	44304.050979	Si
123.076923	70.769231	-106.153846	44304.050979	Si
123.076923	35.384615	141.538462	44304.050979	Si
123.076923	35.384615	106.153846	44304.050979	Si
123.076923	35.384615	70.769231	44304.050979	Si
123.076923	35.384615	35.384615	44304.050979	Si
123.076923	35.384615	0.000000	44304.050979	Si
123.076923	35.384615	-35.384615	44304.050979	Si
123.076923	35.384615	-70.769231	44304.050979	Si
123.076923	35.384615	-106.153846	44304.050979	Si
123.076923	35.384615	-141.538462	44304.050979	Si
123.076923	0.000000	141.538462	44304.050979	Si
123.076923	0.000000	106.153846	44304.050979	Si
123.076923	0.000000	70.769231	44304.050979	Si
123.076923	0.000000	35.384615	44304.050979	Si
123.076923	0.000000	0.000000	44304.050979	Si
123.076923	0.000000	-35.384615	44304.050979	Si
123.076923	0.000000	-70.769231	44304.050979	Si
123.076923	0.000000	-106.153846	44304.050979	Si
123.076923	0.000000	-141.538462	44304.050979	Si
123.076923	-35.384615	141.538462	44304.050979	Si
123.076923	-35.384615	106.153846	44304.050979	Si
123.076923	-35.384615	70.769231	44304.050979	Si
123.076923	-35.384615	35.384615	44304.050979	Si
123.076923	-35.384615	0.000000	44304.050979	Si
123.076923	-35.384615	-35.384615	44304.050979	Si
123.076923	-35.384615	-70.769231	44304.050979	Si
123.076923	-35.384615	-106.153846	44304.050979	Si
123.076923	-35.384615	-141.538462	44304.050979	Si
123.076923	-70.769231	106.153846	44304.050979	Si
123.076923	-70.769231	70.769231	44304.050979	Si
123.076923	-70.769231	35.384615	44304.050979	Si
123.076923	-70.769231	0.000000	44304.050979	Si
123.076923	-70.769231	-35.384615	44304.050979	Si
123.076923	-70.769231	-70.769231	44304.050979	Si
123.076923	-70.769231	-106.153846	44304.050979	Si
123.076923	-106.153846	70.769231	44304.050979	Si
123.076923	-106.153846	35.384615	44304.050979	Si
123.076923	-106.153846	0.000000	44304.050979	Si
123.076923	-106.153846	-35.384615	44304.050979	Si
123.076923	-106.153846	-70.769231	44304.050979	Si
123.076923	-141.538462	35.384615	44304.050979	Si
123.076923	-141.538462	0.000000	44304.050979	Si
123.076923	-141.538462	-35.384615	44304.050979	Si
87.692308	70.769231	35.384615	44304.050979	Si
87.692308	70.769231	0.000000	44304.050979	Si
87.692308	70.769231	-35.384615	44304.050979	Si
87.692308	35.384615	70.769231	44304.050979	Si
87.692308	35.384615	35.384615	44304.050979	Si
87.692308	35.384615	0.000000	44304.050979	Si
87.692308	35.384615	-35.384615	44304.050979	Si
87.692308	35.384615	-70.769231	44304.050979	Si
87.692308	0.000000	70.769231	44304.050979	Si
87.692308	0.000000	35.384615	44304.050979	Si
87.692308	0.000000	0.000000	44304.050979	Si
87.692308	0.000000	-35.384615	44304.050979	Si
87.692308	0.000000	-70.769231	44304.050979	Si
87.692308	-35.384615	70.769231	44304.050979	Si
87.692308	-35.384615	35.384615	44304.050979	Si
87.692308	-35.384615	0.000000	44304.050979	Si
87.692308	-35.384615	-35.384615	44304.050979	Si
87.692308	-35.384615	-70.769231	44304.050979	Si
87.692308	-70.769231	35.384615	44304.050979	Si
87.692308	-70.769231	0.000000	44304.050979	Si
87.692308	-70.769231	-35.384615	44304.050979	Si
