-2.29325	-2.6485	-9.36325	1.14707	resonant
0.00101785	-2.64879	-9.36299	1.14707	resonant
2.2996	-2.65407	-9.32676	1.14707	resonant
-3.44037	-0.663024	-9.36233	1.14707	resonant
-1.14639	-0.662234	-9.363	1.14707	resonant
1.14511	-0.661603	-9.35664	1.14707	resonant
3.43705	-0.665695	-9.361	1.14707	resonant
-2.30399	1.32541	-9.35388	1.14707	resonant
-0.00201307	1.32422	-9.36223	1.14707	resonant
2.29391	1.32405	-9.36294	1.14707	resonant
-1.1477	3.30806	-9.36138	1.14707	resonant
1.14425	3.30765	-9.35771	1.14707	resonant
-1.14521	-5.95418	-7.48903	1.14707	resonant
1.14524	-5.9559	-7.48975	1.14707	resonant
-4.58572	-3.97333	-7.49016	1.14707	resonant
-2.29327	-3.97186	-7.48997	1.14707	resonant
-0.00736003	-3.97379	-7.48176	1.14707	resonant
2.29328	-3.97333	-7.48991	1.14707	resonant
4.58639	-3.97252	-7.49075	1.14707	resonant
-5.70954	-1.96426	-7.47796	1.14707	resonant
-3.42365	-1.97956	-7.48533	1.14707	resonant
-1.14575	-1.98437	-7.48953	1.14707	resonant
1.14755	-1.982	-7.48725	1.14707	resonant
3.43504	-1.99003	-7.4845	1.14707	resonant
5.73284	-1.98433	-7.48972	1.14707	resonant
-4.58678	0.0020786	-7.48675	1.14707	resonant
-2.28927	-0.000438822	-7.48565	1.14707	resonant
-0.000735831	0.000535553	-7.49022	1.14707	resonant
2.28182	0.00885901	-7.46917	1.14707	resonant
4.58469	0.000854847	-7.48919	1.14707	resonant
-5.73423	1.98555	-7.48895	1.14707	resonant
-3.43984	1.98504	-7.49009	1.14707	resonant
-1.14811	1.98627	-7.48576	1.14707	resonant
1.14518	1.98568	-7.49026	1.14707	resonant
3.43947	1.98662	-7.48985	1.14707	resonant
5.72612	1.9772	-7.48467	1.14707	resonant
-4.58384	3.97276	-7.48772	1.14707	resonant
-2.29352	3.97209	-7.49016	1.14707	resonant
-0.00092564	3.9726	-7.48901	1.14707	resonant
2.29339	3.97252	-7.49028	1.14707	resonant
4.58595	3.97256	-7.49025	1.14707	resonant
-1.15066	5.94433	-7.43887	1.14707	resonant
1.14543	5.95855	-7.48803	1.14707	resonant
-4.58609	-6.62008	-5.61753	1.14707	resonant
-2.29357	-6.62018	-5.61766	1.14707	resonant
0.000188001	-6.62035	-5.61772	1.14707	resonant
2.29444	-6.62073	-5.61701	1.14707	resonant
4.58721	-6.62032	-5.61842	1.14707	resonant
-5.73345	-4.63445	-5.61762	1.14707	resonant
-3.43121	-4.62098	-5.60185	1.14707	resonant
-1.14828	-4.63015	-5.61514	1.14707	resonant
1.14573	-4.63398	-5.61772	1.14707	resonant
3.42202	-4.62984	-5.61626	1.14707	resonant
5.73302	-4.63353	-5.61787	1.14707	resonant
-6.88016	-2.64821	-5.61788	1.14707	resonant
-4.58623	-2.64796	-5.61788	1.14707	resonant
-2.2927	-2.64669	-5.61764	1.14707	resonant
-0.000418005	-2.64735	-5.61579	1.14707	resonant
2.28953	-2.63782	-5.61119	1.14707	resonant
4.58657	-2.64857	-5.61625	1.14707	resonant
6.87618	-2.65005	-5.61165	1.14707	resonant
-8.02313	-0.665095	-5.61936	1.14707	resonant
-5.73093	-0.662467	-5.61362	1.14707	resonant
-3.43956	-0.661377	-5.61679	1.14707	resonant
-1.14534	-0.661168	-5.61433	1.14707	resonant
1.14563	-0.661425	-5.61671	1.14707	resonant
3.43994	-0.661801	-5.61625	1.14707	resonant
5.7322	-0.659881	-5.61489	1.14707	resonant
8.02444	-0.66671	-5.61351	1.14707	resonant
-6.87805	1.32249	-5.61768	1.14707	resonant
-4.58613	1.32423	-5.61551	1.14707	resonant
-2.29265	1.32315	-5.61483	1.14707	resonant
0.00118509	1.32371	-5.61558	1.14707	resonant
2.29539	1.32603	-5.61464	1.14707	resonant
4.58373	1.32499	-5.61379	1.14707	resonant
6.87147	1.32542	-5.61701	1.14707	resonant
-5.7304	3.30899	-5.61388	1.14707	resonant
-3.42826	3.30444	-5.59747	1.14707	resonant
-1.14523	3.31011	-5.61694	1.14707	resonant
1.14609	3.30847	-5.61556	1.14707	resonant
3.44058	3.30901	-5.61462	1.14707	resonant
5.7328	3.30984	-5.61763	1.14707	resonant
-4.58463	5.2965	-5.6183	1.14707	resonant
-2.29742	5.29109	-5.59917	1.14707	resonant
0.00221945	5.2957	-5.61598	1.14707	resonant
2.2973	5.29277	-5.61576	1.14707	resonant
4.58518	5.29619	-5.61413	1.14707	resonant
-3.43747	7.28342	-5.61778	1.14707	resonant
-1.145	7.28394	-5.61572	1.14707	resonant
1.15545	7.27732	-5.61107	1.14707	resonant
3.43973	7.28216	-5.61688	1.14707	resonant
-4.58725	-7.94412	-3.74437	1.14707	resonant
-2.29285	-7.94387	-3.74418	1.14707	resonant
-0.000535815	-7.94419	-3.74489	1.14707	resonant
2.29357	-7.94378	-3.74426	1.14707	resonant
4.58947	-7.9348	-3.74864	1.14707	resonant
-5.72994	-5.95771	-3.74018	1.14707	resonant
-3.44046	-5.95725	-3.7449	1.14707	resonant
-1.14599	-5.95769	-3.74414	1.14707	resonant
1.15346	-5.94613	-3.74622	1.14707	resonant
3.44092	-5.95754	-3.74541	1.14707	resonant
5.73437	-5.9557	-3.72396	1.14707	resonant
-6.8803	-3.97227	-3.74479	1.14707	resonant
-4.58665	-3.97109	-3.74351	1.14707	resonant
-2.29314	-3.97166	-3.74356	1.14707	resonant
-0.00040904	-3.97048	-3.74341	1.14707	resonant
2.29339	-3.97113	-3.74455	1.14707	resonant
4.58598	-3.97267	-3.74502	1.14707	resonant
6.87686	-3.96912	-3.74223	1.14707	resonant
-8.02623	-1.9844	-3.7452	1.14707	resonant
-5.7324	-1.98622	-3.74455	1.14707	resonant
-3.43877	-1.9859	-3.74411	1.14707	resonant
-1.14666	-1.9856	-3.74394	1.14707	resonant
1.14535	-1.98461	-3.74232	1.14707	resonant
3.43923	-1.98543	-3.74311	1.14707	resonant
5.72875	-1.98641	-3.74351	1.14707	resonant
8.02467	-1.9858	-3.74421	1.14707	resonant
-9.17032	-0.000849616	-3.74654	1.14707	resonant
-6.87438	-0.000916592	-3.72836	1.14707	resonant
-4.58381	-0.00070693	-3.74455	1.14707	resonant
-2.29181	-0.00021374	-3.74326	1.14707	resonant
0.000189066	0.000352394	-3.74295	1.14707	resonant
2.29239	-3.6889e-05	-3.74361	1.14707	resonant
4.58562	0.00061068	-3.74353	1.14707	resonant
6.87932	-0.00193765	-3.7411	1.14707	resonant
9.17433	0.00026395	-3.74386	1.14707	resonant
-8.02638	1.98552	-3.74509	1.14707	resonant
-5.73252	1.98546	-3.74406	1.14707	resonant
-3.44006	1.9839	-3.74406	1.14707	resonant
-1.14654	1.986	-3.74401	1.14707	resonant
1.14611	1.98519	-3.74249	1.14707	resonant
3.43945	1.98621	-3.74392	1.14707	resonant
5.73324	1.98564	-3.74514	1.14707	resonant
8.01887	1.98639	-3.75094	1.14707	resonant
-6.86939	3.9661	-3.74108	1.14707	resonant
-4.58649	3.97148	-3.74423	1.14707	resonant
-2.29271	3.97221	-3.74399	1.14707	resonant
5.57596e-05	3.97129	-3.74428	1.14707	resonant
2.29277	3.97107	-3.74376	1.14707	resonant
4.58496	3.97295	-3.74502	1.14707	resonant
6.8446	3.97153	-3.72609	1.14707	resonant
-5.71043	5.94196	-3.74032	1.14707	resonant
-3.43978	5.95845	-3.74446	1.14707	resonant
-1.14476	5.95685	-3.74085	1.14707	resonant
1.14709	5.9576	-3.74466	1.14707	resonant
3.43875	5.95822	-3.74436	1.14707	resonant
5.72601	5.95916	-3.73733	1.14707	resonant
-4.58298	7.93818	-3.74859	1.14707	resonant
-2.29192	7.94227	-3.7442	1.14707	resonant
0.000432378	7.94497	-3.74473	1.14707	resonant
2.29392	7.943	-3.74634	1.14707	resonant
4.58637	7.94486	-3.74509	1.14707	resonant
-3.43995	-8.60674	-1.8723	1.14707	resonant
-1.14056	-8.60659	-1.85495	1.14707	resonant
1.1455	-8.60492	-1.87107	1.14707	resonant
3.43978	-8.60338	-1.87167	1.14707	resonant
-6.87917	-6.6207	-1.87243	1.14707	resonant
-4.58717	-6.61548	-1.8739	1.14707	resonant
-2.29001	-6.62018	-1.86918	1.14707	resonant
0.00163552	-6.60451	-1.87058	1.14707	resonant
2.29001	-6.61637	-1.87427	1.14707	resonant
4.56091	-6.58924	-1.87089	1.14707	resonant
6.87473	-6.61904	-1.87658	1.14707	resonant
-8.00427	-4.60555	-1.87077	1.14707	resonant
-5.72997	-4.63426	-1.87169	1.14707	resonant
-3.43951	-4.63382	-1.8725	1.14707	resonant
-1.14794	-4.63109	-1.8725	1.14707	resonant
1.14885	-4.6308	-1.87009	1.14707	resonant
3.44006	-4.63364	-1.87295	1.14707	resonant
5.73357	-4.63396	-1.8723	1.14707	resonant
8.02209	-4.62506	-1.86811	1.14707	resonant
-9.17199	-2.64513	-1.87057	1.14707	resonant
-6.87931	-2.64664	-1.87314	1.14707	resonant
-4.58572	-2.64759	-1.87226	1.14707	resonant
-2.29265	-2.64674	-1.87202	1.14707	resonant
-9.52354e-05	-2.64627	-1.87132	1.14707	resonant
2.29266	-2.64662	-1.87168	1.14707	resonant
4.5849	-2.64895	-1.87261	1.14707	resonant
6.86477	-2.65342	-1.86511	1.14707	resonant
9.17247	-2.65112	-1.87008	1.14707	resonant
-8.01801	-0.656533	-1.861	1.14707	resonant
-5.73287	-0.662442	-1.87187	1.14707	resonant
-3.43815	-0.661755	-1.87151	1.14707	resonant
-1.14571	-0.661823	-1.87136	1.14707	resonant
1.14624	-0.661247	-1.87114	1.14707	resonant
3.43885	-0.661901	-1.8718	1.14707	resonant
5.732	-0.662534	-1.87248	1.14707	resonant
8.01561	-0.647704	-1.86817	1.14707	resonant
-9.16612	1.32154	-1.87054	1.14707	resonant
-6.878	1.32341	-1.87218	1.14707	resonant
-4.58497	1.32315	-1.87228	1.14707	resonant
-2.29152	1.32279	-1.8716	1.14707	resonant
2.43384e-05	1.32362	-1.87128	1.14707	resonant
2.29223	1.32348	-1.87137	1.14707	resonant
4.58496	1.32314	-1.87171	1.14707	resonant
6.87909	1.32465	-1.87213	1.14707	resonant
9.173	1.32647	-1.87461	1.14707	resonant
-8.025	3.31019	-1.87212	1.14707	resonant
-5.73372	3.30939	-1.87201	1.14707	resonant
-3.43693	3.30644	-1.87176	1.14707	resonant
-1.14573	3.30912	-1.87207	1.14707	resonant
1.14649	3.30945	-1.87166	1.14707	resonant
3.43937	3.30901	-1.87165	1.14707	resonant
5.7332	3.30761	-1.87038	1.14707	resonant
8.02577	3.31059	-1.87101	1.14707	resonant
-6.87151	5.2743	-1.88302	1.14707	resonant
-4.58601	5.28204	-1.86253	1.14707	resonant
-2.29332	5.29564	-1.87227	1.14707	resonant
-0.000694945	5.29508	-1.87349	1.14707	resonant
2.29428	5.29502	-1.87239	1.14707	resonant
4.58451	5.29595	-1.87454	1.14707	resonant
6.87627	5.2897	-1.87516	1.14707	resonant
-5.66605	7.23499	-1.87695	1.14707	resonant
-3.43587	7.28167	-1.87615	1.14707	resonant
-1.14139	7.27662	-1.86615	1.14707	resonant
1.14729	7.26604	-1.87247	1.14707	resonant
3.44218	7.28093	-1.87117	1.14707	resonant
5.7329	7.27882	-1.86933	1.14707	resonant
-2.29227	9.25602	-1.86541	1.14707	resonant
-0.000809145	9.26784	-1.87447	1.14707	resonant
2.2878	9.2684	-1.86579	1.14707	resonant
-1.14362	-9.9251	0.00217609	1.14707	resonant
1.14724	-9.93154	-7.25944e-05	1.14707	resonant
-4.58624	-7.94418	0.000503229	1.14707	resonant
-2.29191	-7.94123	0.00329692	1.14707	resonant
-0.003101	-7.93048	0.00118702	1.14707	resonant
2.2927	-7.94404	-0.00053666	1.14707	resonant
4.58729	-7.94283	-0.000587173	1.14707	resonant
-8.02578	-5.95904	-0.000356565	1.14707	resonant
-5.73419	-5.95615	-0.000776262	1.14707	resonant
-3.44007	-5.95781	-0.000253755	1.14707	resonant
-1.14709	-5.95665	2.86029e-05	1.14707	resonant
1.14764	-5.95718	0.000723992	1.14707	resonant
3.43856	-5.95822	0.000696935	1.14707	resonant
5.71741	-5.94662	0.00634151	1.14707	resonant
7.99023	-5.95554	-0.000160885	1.14707	resonant
-9.17369	-3.97211	-2.24834e-05	1.14707	resonant
-6.87955	-3.97151	0.00121487	1.14707	resonant
-4.58614	-3.97175	-0.000763586	1.14707	resonant
-2.29325	-3.97081	-0.000757165	1.14707	resonant
0.000235543	-3.97078	-0.00104547	1.14707	resonant
2.29412	-3.97062	-0.000164871	1.14707	resonant
4.58666	-3.96907	-0.00304852	1.14707	resonant
6.86902	-3.97131	0.00187601	1.14707	resonant
9.16607	-3.97675	0.000623052	1.14707	resonant
-8.01779	-1.98657	-0.00178634	1.14707	resonant
-5.73104	-1.98673	-0.000453987	1.14707	resonant
-3.43795	-1.98518	-0.000870054	1.14707	resonant
-1.14601	-1.98522	8.13096e-06	1.14707	resonant
1.14633	-1.98512	-0.000272462	1.14707	resonant
3.43893	-1.98479	-0.000720156	1.14707	resonant
5.73265	-1.98549	0.00277992	1.14707	resonant
8.02213	-1.98478	-0.00503545	1.14707	resonant
-9.17326	-0.000503241	-0.000112771	1.14707	resonant
-6.87891	-0.00107964	0.000627942	1.14707	resonant
-4.58549	-0.000563125	-9.30949e-05	1.14707	resonant
-2.29211	-3.04713e-05	0.000148492	1.14707	resonant
2.29214	0.000114075	-0.000146213	1.14707	resonant
4.58483	-0.000201227	-0.000129718	1.14707	resonant
6.87636	0.00123665	-8.86764e-06	1.14707	resonant
9.17059	-0.00318621	-0.0011657	1.14707	resonant
-8.02217	1.98367	-0.00288691	1.14707	resonant
-5.73084	1.98434	-0.000111534	1.14707	resonant
-3.43867	1.98522	0.000269179	1.14707	resonant
-1.14616	1.98505	-0.000124972	1.14707	resonant
1.14604	1.98526	4.91285e-05	1.14707	resonant
3.43844	1.9859	1.88369e-05	1.14707	resonant
5.72884	1.98521	0.000667606	1.14707	resonant
8.02676	1.98595	-0.00016211	1.14707	resonant
-9.1731	3.97158	0.000436086	1.14707	resonant
-6.87945	3.97235	7.95843e-05	1.14707	resonant
-4.58584	3.97123	0.00127125	1.14707	resonant
-2.29268	3.97097	-0.000329349	1.14707	resonant
-8.18624e-05	3.97024	-0.000149593	1.14707	resonant
2.29265	3.9714	2.67361e-05	1.14707	resonant
4.58658	3.9714	-0.000404536	1.14707	resonant
6.88001	3.97225	-0.000456478	1.14707	resonant
9.17304	3.97315	0.000709269	1.14707	resonant
-8.02702	5.95797	-0.00177733	1.14707	resonant
-5.73072	5.95739	0.000349544	1.14707	resonant
-3.43989	5.95809	0.000152385	1.14707	resonant
-1.14614	5.95583	-0.000592096	1.14707	resonant
1.14595	5.95622	0.000627776	1.14707	resonant
3.43969	5.95765	3.39882e-05	1.14707	resonant
5.73181	5.9571	0.000190842	1.14707	resonant
8.02681	5.95689	0.000248425	1.14707	resonant
-4.57652	7.94863	-0.000764809	1.14707	resonant
-2.28865	7.93524	-0.00546633	1.14707	resonant
0.00118255	7.94266	0.00125483	1.14707	resonant
2.29326	7.94472	-0.000502046	1.14707	resonant
4.58087	7.94317	0.00221228	1.14707	resonant
-1.14555	9.93104	-0.00102512	1.14707	resonant
1.14793	9.93049	0.000652907	1.14707	resonant
-3.43105	-8.59549	1.88088	1.14707	resonant
-1.14752	-8.59219	1.8704	1.14707	resonant
1.15109	-8.6052	1.87195	1.14707	resonant
3.43908	-8.60623	1.87052	1.14707	resonant
-6.87939	-6.62083	1.87274	1.14707	resonant
-4.5862	-6.61982	1.87239	1.14707	resonant
-2.29267	-6.61976	1.87328	1.14707	resonant
-0.00117938	-6.62016	1.86875	1.14707	resonant
2.29392	-6.62044	1.87106	1.14707	resonant
4.58597	-6.62088	1.87159	1.14707	resonant
6.88002	-6.61985	1.87228	1.14707	resonant
-8.02565	-4.6339	1.87294	1.14707	resonant
-5.7227	-4.62159	1.87018	1.14707	resonant
-3.43694	-4.633	1.87157	1.14707	resonant
-1.14598	-4.63072	1.86904	1.14707	resonant
1.14762	-4.63165	1.86927	1.14707	resonant
3.44061	-4.63338	1.87183	1.14707	resonant
5.73301	-4.63311	1.87019	1.14707	resonant
8.02355	-4.63362	1.87029	1.14707	resonant
-9.17325	-2.64697	1.87315	1.14707	resonant
-6.87891	-2.64851	1.87062	1.14707	resonant
-4.58167	-2.64402	1.87059	1.14707	resonant
-2.29221	-2.64709	1.87194	1.14707	resonant
0.000323537	-2.64628	1.87112	1.14707	resonant
2.29226	-2.64671	1.87113	1.14707	resonant
4.58316	-2.64777	1.86992	1.14707	resonant
6.87952	-2.64842	1.86996	1.14707	resonant
9.1746	-2.64594	1.87088	1.14707	resonant
-8.02511	-0.662432	1.87288	1.14707	resonant
-5.73218	-0.661899	1.87235	1.14707	resonant
-3.4389	-0.661393	1.87188	1.14707	resonant
-1.14614	-0.661688	1.87133	1.14707	resonant
1.14607	-0.661721	1.87115	1.14707	resonant
3.43894	-0.661362	1.87133	1.14707	resonant
5.73225	-0.661714	1.87091	1.14707	resonant
8.02323	-0.662243	1.87388	1.14707	resonant
-9.15868	1.32072	1.87386	1.14707	resonant
-6.87773	1.32296	1.87235	1.14707	resonant
-4.5856	1.32369	1.87152	1.14707	resonant
-2.29231	1.3234	1.87163	1.14707	resonant
-8.65364e-05	1.32312	1.87138	1.14707	resonant
2.29191	1.32286	1.87126	1.14707	resonant
4.58591	1.3237	1.87238	1.14707	resonant
6.87952	1.32193	1.87334	1.14707	resonant
9.16987	1.31563	1.86271	1.14707	resonant
-8.02373	3.30811	1.87824	1.14707	resonant
-5.73215	3.3095	1.87024	1.14707	resonant
-3.43935	3.30949	1.87153	1.14707	resonant
-1.14629	3.30819	1.87157	1.14707	resonant
1.14514	3.30887	1.87189	1.14707	resonant
3.43493	3.30722	1.87177	1.14707	resonant
5.73137	3.30884	1.87153	1.14707	resonant
8.02267	3.30518	1.86872	1.14707	resonant
-6.88031	5.29631	1.86903	1.14707	resonant
-4.58178	5.29025	1.87158	1.14707	resonant
-2.29305	5.29389	1.87169	1.14707	resonant
-0.000203068	5.29511	1.87285	1.14707	resonant
2.2925	5.29552	1.87244	1.14707	resonant
4.57337	5.28334	1.87344	1.14707	resonant
6.87969	5.29493	1.87178	1.14707	resonant
-5.73375	7.28212	1.8726	1.14707	resonant
-3.44019	7.28147	1.87258	1.14707	resonant
-1.14907	7.27337	1.8702	1.14707	resonant
1.1478	7.27135	1.87048	1.14707	resonant
3.43948	7.28239	1.87302	1.14707	resonant
5.69247	7.2755	1.85913	1.14707	resonant
-2.29272	9.2679	1.87066	1.14707	resonant
-0.00154273	9.26744	1.87209	1.14707	resonant
2.2954	9.26751	1.87127	1.14707	resonant
-4.58527	-7.94313	3.74802	1.14707	resonant
-2.26912	-7.90986	3.76419	1.14707	resonant
0.00185905	-7.94196	3.74447	1.14707	resonant
2.29248	-7.94457	3.74266	1.14707	resonant
4.58552	-7.94527	3.74399	1.14707	resonant
-5.73307	-5.9582	3.74476	1.14707	resonant
-3.44024	-5.95825	3.74367	1.14707	resonant
-1.14326	-5.94725	3.73673	1.14707	resonant
1.16147	-5.95725	3.72359	1.14707	resonant
3.44161	-5.9576	3.7428	1.14707	resonant
5.71619	-5.94037	3.6987	1.14707	resonant
-6.86724	-3.96559	3.74228	1.14707	resonant
-4.58595	-3.97236	3.74422	1.14707	resonant
-2.29294	-3.97122	3.74421	1.14707	resonant
0.00186109	-3.97068	3.74298	1.14707	resonant
2.29458	-3.96957	3.7443	1.14707	resonant
4.58652	-3.97186	3.74517	1.14707	resonant
6.87819	-3.96639	3.74175	1.14707	resonant
-8.02206	-1.98905	3.74511	1.14707	resonant
-5.73278	-1.98483	3.74417	1.14707	resonant
-3.43955	-1.98554	3.74413	1.14707	resonant
-1.14645	-1.9856	3.74331	1.14707	resonant
1.14652	-1.98511	3.74361	1.14707	resonant
3.43905	-1.98482	3.7423	1.14707	resonant
5.73046	-1.9813	3.7358	1.14707	resonant
8.01218	-1.96608	3.72783	1.14707	resonant
-9.16831	-0.0204668	3.73088	1.14707	resonant
-6.8785	-0.0011982	3.74253	1.14707	resonant
-4.5826	0.00151864	3.74331	1.14707	resonant
-2.29179	-0.000159743	3.74352	1.14707	resonant
0.000198274	-7.45473e-05	3.74308	1.14707	resonant
2.29225	0.000175797	3.74285	1.14707	resonant
4.58613	0.000690042	3.7441	1.14707	resonant
6.87701	0.00346964	3.74344	1.14707	resonant
9.17272	0.000351983	3.74527	1.14707	resonant
-8.02694	1.98437	3.74492	1.14707	resonant
-5.73402	1.98335	3.7354	1.14707	resonant
-3.43828	1.98526	3.7446	1.14707	resonant
-1.14587	1.98514	3.74373	1.14707	resonant
1.14641	1.98536	3.74353	1.14707	resonant
3.43869	1.9851	3.74338	1.14707	resonant
5.73275	1.98597	3.74487	1.14707	resonant
8.0275	1.98475	3.74425	1.14707	resonant
-6.87651	3.9613	3.75392	1.14707	resonant
-4.57067	3.96929	3.73881	1.14707	resonant
-2.29133	3.97082	3.7451	1.14707	resonant
5.72531e-05	3.97072	3.74484	1.14707	resonant
2.29195	3.97184	3.74526	1.14707	resonant
4.57831	3.96988	3.7321	1.14707	resonant
6.87988	3.97139	3.74589	1.14707	resonant
-5.73339	5.95802	3.74535	1.14707	resonant
-3.43553	5.95093	3.74326	1.14707	resonant
-1.14416	5.95265	3.74324	1.14707	resonant
1.14795	5.95551	3.7463	1.14707	resonant
3.4394	5.95494	3.74305	1.14707	resonant
5.73245	5.95976	3.74376	1.14707	resonant
-4.58708	7.94385	3.74576	1.14707	resonant
-2.29392	7.94427	3.7424	1.14707	resonant
-0.000118299	7.94538	3.7441	1.14707	resonant
2.29269	7.9445	3.74366	1.14707	resonant
4.58674	7.94433	3.74536	1.14707	resonant
-4.58661	-6.62063	5.61781	1.14707	resonant
-2.29625	-6.61722	5.61515	1.14707	resonant
-0.00948908	-6.56036	5.5922	1.14707	resonant
2.29402	-6.61947	5.61594	1.14707	resonant
4.58624	-6.61958	5.61768	1.14707	resonant
-5.72164	-4.63392	5.61158	1.14707	resonant
-3.44161	-4.63705	5.60748	1.14707	resonant
-1.14724	-4.63303	5.61809	1.14707	resonant
1.15299	-4.63198	5.61329	1.14707	resonant
3.44001	-4.63417	5.61704	1.14707	resonant
5.72753	-4.62837	5.60561	1.14707	resonant
-6.88045	-2.64696	5.61605	1.14707	resonant
-4.58227	-2.64528	5.61525	1.14707	resonant
-2.29289	-2.64798	5.61729	1.14707	resonant
-0.000183352	-2.64659	5.61537	1.14707	resonant
2.29326	-2.6475	5.61715	1.14707	resonant
4.58322	-2.64219	5.61406	1.14707	resonant
6.87919	-2.64858	5.61901	1.14707	resonant
-8.02238	-0.665269	5.61737	1.14707	resonant
-5.73461	-0.656885	5.60578	1.14707	resonant
-3.4381	-0.662533	5.6176	1.14707	resonant
-1.1458	-0.661167	5.61501	1.14707	resonant
1.14659	-0.661756	5.61529	1.14707	resonant
3.43881	-0.661275	5.61664	1.14707	resonant
5.72686	-0.666277	5.61376	1.14707	resonant
8.00223	-0.656822	5.63	1.14707	resonant
-6.87958	1.32462	5.61716	1.14707	resonant
-4.58493	1.32227	5.61769	1.14707	resonant
-2.29177	1.32308	5.61689	1.14707	resonant
0.000762447	1.32377	5.61563	1.14707	resonant
2.29309	1.32409	5.61725	1.14707	resonant
4.58416	1.32949	5.61535	1.14707	resonant
6.88021	1.32123	5.61457	1.14707	resonant
-5.72164	3.30511	5.61098	1.14707	resonant
-3.43987	3.309	5.6173	1.14707	resonant
-1.14636	3.30956	5.61699	1.14707	resonant
1.14675	3.31005	5.61725	1.14707	resonant
3.43977	3.30984	5.61746	1.14707	resonant
5.73424	3.30924	5.61518	1.14707	resonant
-4.58777	5.28113	5.59149	1.14707	resonant
-2.29351	5.29474	5.61757	1.14707	resonant
-0.00261381	5.28932	5.62056	1.14707	resonant
2.29234	5.29924	5.61122	1.14707	resonant
4.58824	5.29247	5.61394	1.14707	resonant
-3.44018	7.28102	5.61819	1.14707	resonant
-1.14945	7.2762	5.61661	1.14707	resonant
1.12212	7.26671	5.60012	1.14707	resonant
3.43963	7.28282	5.61839	1.14707	resonant
-1.14248	-5.95333	7.48516	1.14707	resonant
1.14577	-5.95497	7.49341	1.14707	resonant
-4.57802	-3.96657	7.48562	1.14707	resonant
-2.29309	-3.97181	7.49002	1.14707	resonant
-0.000419832	-3.97066	7.49009	1.14707	resonant
2.2994	-3.97511	7.47578	1.14707	resonant
4.58246	-3.97316	7.48805	1.14707	resonant
-5.72932	-1.98897	7.48782	1.14707	resonant
-3.43866	-1.98517	7.49049	1.14707	resonant
-1.14576	-1.98481	7.48782	1.14707	resonant
1.14701	-1.98568	7.48989	1.14707	resonant
3.44026	-1.98453	7.48921	1.14707	resonant
5.72669	-1.98853	7.48658	1.14707	resonant
-4.57418	0.0101566	7.48885	1.14707	resonant
-2.29522	-0.00216284	7.48787	1.14707	resonant
0.00116635	0.00102793	7.48908	1.14707	resonant
2.29034	-0.0006014	7.48859	1.14707	resonant
4.58723	0.00281788	7.48134	1.14707	resonant
-5.6951	1.98262	7.48583	1.14707	resonant
-3.43823	1.98613	7.49055	1.14707	resonant
-1.14058	1.9831	7.48946	1.14707	resonant
1.14689	1.98549	7.48937	1.14707	resonant
3.44277	1.98581	7.4866	1.14707	resonant
5.73338	1.98283	7.49024	1.14707	resonant
-4.58868	3.97568	7.48673	1.14707	resonant
-2.29362	3.97081	7.48928	1.14707	resonant
0.000208452	3.97191	7.48961	1.14707	resonant
2.29171	3.96822	7.48824	1.14707	resonant
4.58425	3.97048	7.48934	1.14707	resonant
-1.14796	5.95385	7.48687	1.14707	resonant
1.14749	5.95811	7.49008	1.14707	resonant
-2.29394	-2.64777	9.3628	1.14707	resonant
0.00215401	-2.64856	9.36105	1.14707	resonant
2.29376	-2.64873	9.361	1.14707	resonant
-3.43948	-0.657081	9.3543	1.14707	resonant
-1.14947	-0.653034	9.33935	1.14707	resonant
1.14619	-0.668859	9.35758	1.14707	resonant
3.44571	-0.658227	9.36034	1.14707	resonant
-2.29548	1.32486	9.35458	1.14707	resonant
0.00112725	1.32339	9.36284	1.14707	resonant
2.29685	1.32138	9.36196	1.14707	resonant
-1.15066	3.27572	9.35434	1.14707	resonant
1.1455	3.31242	9.36099	1.14707	resonant