   2.4580387e+02	  -1.1300391e+00	   3.6618381e+00	
   2.4739447e+02	  -1.1399334e+00	   3.7637336e+00	
   2.4898513e+02	  -1.1498298e+00	   3.8656338e+00	
   2.5057582e+02	  -1.1597273e+00	   3.9675382e+00	
   2.5216654e+02	  -1.1696225e+00	   4.0694434e+00	
   2.5375734e+02	  -1.1795228e+00	   4.1713526e+00	
   2.5534814e+02	  -1.1894190e+00	   4.2732649e+00	
   2.5693899e+02	  -1.1993147e+00	   4.3751768e+00	
   2.5852989e+02	  -1.2092135e+00	   4.4770925e+00	
   2.6012080e+02	  -1.2191106e+00	   4.5790075e+00	
   2.6171175e+02	  -1.2290079e+00	   4.6809303e+00	
   2.6330276e+02	  -1.2389069e+00	   4.7828494e+00	
   2.6489370e+02	  -1.2488047e+00	   4.8847743e+00	
   2.6648480e+02	  -1.2587021e+00	   4.9867028e+00	
   2.6807589e+02	  -1.2686024e+00	   5.0886308e+00	
   2.6966696e+02	  -1.2784992e+00	   5.1905598e+00	
   2.7125811e+02	  -1.2884021e+00	   5.2924939e+00	
   2.7284928e+02	  -1.2982989e+00	   5.3944281e+00	
   2.7444052e+02	  -1.2971359e+00	   5.4925602e+00	
   2.7603175e+02	  -1.2861402e+00	   5.5839830e+00	
   2.7762301e+02	  -1.2678857e+00	   5.6660014e+00	
   2.7921430e+02	  -1.2472409e+00	   5.7375816e+00	
   2.8080561e+02	  -1.2279152e+00	   5.8014891e+00	
   2.8239697e+02	  -1.2110265e+00	   5.8609036e+00	
   2.8398838e+02	  -1.1961066e+00	   5.9187982e+00	
   2.8557974e+02	  -1.1805552e+00	   5.9769163e+00	
   2.8717121e+02	  -1.1622400e+00	   6.0340846e+00	
   2.8876262e+02	  -1.1407363e+00	   6.0887021e+00	
   2.9035409e+02	  -1.1165041e+00	   6.1392937e+00	
   2.9194560e+02	  -1.0911545e+00	   6.1847854e+00	
   2.9353707e+02	  -1.0665037e+00	   6.2258349e+00	
   2.9512863e+02	  -1.0432459e+00	   6.2636038e+00	
   2.9672022e+02	  -1.0215347e+00	   6.2991854e+00	
   2.9831177e+02	  -1.0009699e+00	   6.3335879e+00	
   2.9990336e+02	  -9.8062120e-01	   6.3671348e+00	
   3.0149494e+02	  -9.5998190e-01	   6.3995066e+00	
   3.0308661e+02	  -9.3892939e-01	   6.4303673e+00	
   3.0467826e+02	  -9.1751527e-01	   6.4594124e+00	
   3.0626992e+02	  -8.9608914e-01	   6.4864104e+00	
   3.0786162e+02	  -8.7505733e-01	   6.5115928e+00	
   3.0945327e+02	  -8.5451919e-01	   6.5353370e+00	
   3.1104500e+02	  -8.3437708e-01	   6.5580028e+00	
   3.1263679e+02	  -8.1435700e-01	   6.5799302e+00	
   3.1422848e+02	  -7.9381278e-01	   6.6012908e+00	
   3.1582028e+02	  -7.7212647e-01	   6.6216259e+00	
   3.1741203e+02	  -7.4913380e-01	   6.6403270e+00	
   3.1900383e+02	  -7.2487850e-01	   6.6568185e+00	
   3.2059558e+02	  -6.9958805e-01	   6.6705655e+00	
   3.2218740e+02	  -6.7371988e-01	   6.6811111e+00	
   3.2377920e+02	  -6.4785443e-01	   6.6883131e+00	
   3.2537101e+02	  -6.2238962e-01	   6.6921764e+00	
   3.2696286e+02	  -5.9770369e-01	   6.6926936e+00	
   3.2855469e+02	  -5.7415545e-01	   6.6898669e+00	
   3.3014653e+02	  -5.5220048e-01	   6.6837021e+00	
   3.3173843e+02	  -5.3240570e-01	   6.6744213e+00	
   3.3333025e+02	  -5.1513906e-01	   6.6624590e+00	
   3.3492213e+02	  -5.0060851e-01	   6.6482483e+00	
   3.3651403e+02	  -4.8889212e-01	   6.6322109e+00	
   3.3810593e+02	  -4.7999738e-01	   6.6147388e+00	
   3.3969778e+02	  -4.7377069e-01	   6.5961717e+00	
   3.4128966e+02	  -4.6996846e-01	   6.5765948e+00	
   3.4288155e+02	  -4.6855234e-01	   6.5559388e+00	
   3.4447343e+02	  -4.6960334e-01	   6.5341550e+00	
   3.4606529e+02	  -4.7331241e-01	   6.5111859e+00	
   3.4765720e+02	  -4.7999768e-01	   6.4869753e+00	
   3.4924907e+02	  -4.9033298e-01	   6.4615488e+00	
   3.5084089e+02	  -5.0517899e-01	   6.4356522e+00	
   3.5243286e+02	  -5.2478787e-01	   6.4104186e+00	
   3.5402468e+02	  -5.4900533e-01	   6.3869440e+00	
   3.5561657e+02	  -5.7741921e-01	   6.3662508e+00	
   3.5720843e+02	  -6.0931483e-01	   6.3493179e+00	
   3.5880027e+02	  -6.4357545e-01	   6.3370525e+00	
   3.6039212e+02	  -6.7838835e-01	   6.3296982e+00	
   3.6198399e+02	  -7.1244977e-01	   6.3264636e+00	
   3.6357592e+02	  -7.4506426e-01	   6.3265038e+00	
   3.6516771e+02	  -7.7584036e-01	   6.3289996e+00	
   3.6675961e+02	  -8.0460831e-01	   6.3331918e+00	
   3.6835145e+02	  -8.3140940e-01	   6.3383460e+00	
   3.6994325e+02	  -8.5657254e-01	   6.3437872e+00	
   3.7153507e+02	  -8.8073400e-01	   6.3493023e+00	
   3.7312683e+02	  -9.0420571e-01	   6.3550615e+00	
   3.7471858e+02	  -9.2709689e-01	   6.3612376e+00	
   3.7631039e+02	  -9.4939158e-01	   6.3679942e+00	
   3.7790218e+02	  -9.7097326e-01	   6.3754887e+00	
   3.7949390e+02	  -9.9163149e-01	   6.3838727e+00	
   3.8108562e+02	  -1.0109773e+00	   6.3932811e+00	
   3.8267740e+02	  -1.0283304e+00	   6.4035238e+00	
   3.8426908e+02	  -1.0432862e+00	   6.4139810e+00	
   3.8586084e+02	  -1.0557462e+00	   6.4240203e+00	
   3.8745252e+02	  -1.0657651e+00	   6.4330437e+00	
   3.8904421e+02	  -1.0735273e+00	   6.4404864e+00	
   3.9063585e+02	  -1.0793537e+00	   6.4457953e+00	
   3.9222742e+02	  -1.0837203e+00	   6.4484722e+00	
   3.9381913e+02	  -1.0874361e+00	   6.4480781e+00	
   3.9541070e+02	  -1.0915020e+00	   6.4448122e+00	
   3.9700221e+02	  -1.0964567e+00	   6.4392066e+00	
   3.9859377e+02	  -1.1026111e+00	   6.4317689e+00	
   4.0018536e+02	  -1.1100958e+00	   6.4229810e+00	
   4.0177682e+02	  -1.1189246e+00	   6.4133115e+00	
   4.0336838e+02	  -1.1290197e+00	   6.4032033e+00	
   4.0495978e+02	  -1.1401618e+00	   6.3930780e+00	
   4.0655125e+02	  -1.1519381e+00	   6.3833129e+00	
   4.0814265e+02	  -1.1637234e+00	   6.3739475e+00	
   4.0973410e+02	  -1.1751410e+00	   6.3647193e+00	
   4.1132546e+02	  -1.1859890e+00	   6.3553880e+00	
   4.1291684e+02	  -1.1961502e+00	   6.3456992e+00	
   4.1450812e+02	  -1.2055682e+00	   6.3354371e+00	
   4.1609942e+02	  -1.2142245e+00	   6.3243720e+00	
   4.1769074e+02	  -1.2221565e+00	   6.3123023e+00	
   4.1928195e+02	  -1.2294371e+00	   6.2990232e+00	
   4.2087318e+02	  -1.2362185e+00	   6.2843772e+00	
   4.2246429e+02	  -1.2426792e+00	   6.2683016e+00	
   4.2405545e+02	  -1.2489385e+00	   6.2507971e+00	
   4.2564651e+02	  -1.2550680e+00	   6.2318585e+00	
   4.2723762e+02	  -1.2611287e+00	   6.2114856e+00	
   4.2882866e+02	  -1.2671911e+00	   6.1896740e+00	
   4.3041965e+02	  -1.2732831e+00	   6.1664238e+00	
   4.3201074e+02	  -1.2794460e+00	   6.1417341e+00	
   4.3360165e+02	  -1.2857035e+00	   6.1156099e+00	
   4.3519257e+02	  -1.2920672e+00	   6.0880469e+00	
   4.3678351e+02	  -1.2985284e+00	   6.0590189e+00	
   4.3837434e+02	  -1.3050887e+00	   6.0284711e+00	
   4.3996509e+02	  -1.3117719e+00	   5.9963613e+00	
   4.4155580e+02	  -1.3186140e+00	   5.9626401e+00	
   4.4314664e+02	  -1.3256438e+00	   5.9272666e+00	
   4.4473734e+02	  -1.3328853e+00	   5.8901979e+00	
   4.4632793e+02	  -1.3403761e+00	   5.8513977e+00	
   4.4791862e+02	  -1.3481378e+00	   5.8108255e+00	
   4.4950911e+02	  -1.3561751e+00	   5.7684541e+00	
   4.5109978e+02	  -1.3644696e+00	   5.7242467e+00	
   4.5269017e+02	  -1.3729439e+00	   5.6780851e+00	
   4.5428050e+02	  -1.3816098e+00	   5.6297721e+00	
   4.5587098e+02	  -1.3905416e+00	   5.5791168e+00	
   4.5746132e+02	  -1.3998443e+00	   5.5259353e+00	
   4.5905176e+02	  -1.4096669e+00	   5.4700617e+00	
   4.6064199e+02	  -1.4201718e+00	   5.4113254e+00	
   4.6223225e+02	  -1.4315587e+00	   5.3495703e+00	
   4.6382243e+02	  -1.4440701e+00	   5.2846542e+00	
   4.6541240e+02	  -1.4579662e+00	   5.2164306e+00	
   4.6700258e+02	  -1.4735813e+00	   5.1447632e+00	
   4.6859268e+02	  -1.4913674e+00	   5.0695599e+00	
   4.7018259e+02	  -1.5118473e+00	   4.9909473e+00	
   4.7177256e+02	  -1.5353720e+00	   4.9091829e+00	
   4.7336247e+02	  -1.5622119e+00	   4.8245058e+00	
   4.7495222e+02	  -1.5925882e+00	   4.7371568e+00	
   4.7654206e+02	  -1.6266879e+00	   4.6473586e+00	
   4.7813188e+02	  -1.6646879e+00	   4.5553354e+00	
   4.7972140e+02	  -1.7067303e+00	   4.4613027e+00	
   4.8131105e+02	  -1.7529813e+00	   4.3654514e+00	
   4.8290075e+02	  -1.8035856e+00	   4.2679915e+00	
   4.8449018e+02	  -1.8587146e+00	   4.1691114e+00	
   4.8607964e+02	  -1.9185782e+00	   4.0689907e+00	
   4.8766900e+02	  -1.9835215e+00	   3.9678980e+00	
   4.8925837e+02	  -2.0538086e+00	   3.8663354e+00	
   4.9084764e+02	  -2.1295343e+00	   3.7648409e+00	
   4.9243690e+02	  -2.2106964e+00	   3.6639206e+00	
   4.9402605e+02	  -2.2972266e+00	   3.5640762e+00	
   4.9561519e+02	  -2.3890097e+00	   3.4657665e+00	
   4.9720422e+02	  -2.4858646e+00	   3.3694600e+00	
   4.9879324e+02	  -2.5875697e+00	   3.2755942e+00	
   5.0038214e+02	  -2.6938676e+00	   3.1845724e+00	
   5.0197104e+02	  -2.8044261e+00	   3.0968155e+00	
   5.0355984e+02	  -2.9188704e+00	   3.0126946e+00	
   5.0514864e+02	  -3.0367356e+00	   2.9325949e+00	
   5.0673735e+02	  -3.1573964e+00	   2.8568482e+00	
   5.0832587e+02	  -3.2800321e+00	   2.7854927e+00	
   5.0991453e+02	  -3.4040524e+00	   2.7182718e+00	
   5.1150301e+02	  -3.5290563e+00	   2.6549263e+00	
   5.1309145e+02	  -3.6547143e+00	   2.5952041e+00	
   5.1467974e+02	  -3.7807699e+00	   2.5388690e+00	
   5.1626800e+02	  -3.9070087e+00	   2.4856829e+00	
   5.1785615e+02	  -4.0332475e+00	   2.4354240e+00	
   5.1944430e+02	  -4.1593601e+00	   2.3878679e+00	
   5.2103260e+02	  -4.2852212e+00	   2.3428003e+00	
   5.2262050e+02	  -4.4107394e+00	   2.3000260e+00	
   5.2420835e+02	  -4.5358593e+00	   2.2593368e+00	
   5.2579630e+02	  -4.6605383e+00	   2.2205432e+00	
   5.2738402e+02	  -4.7847641e+00	   2.1834576e+00	
   5.2897189e+02	  -4.9085677e+00	   2.1479131e+00	
   5.3055935e+02	  -5.0319972e+00	   2.1137996e+00	
   5.3214701e+02	  -5.1550744e+00	   2.0810413e+00	
   5.3373455e+02	  -5.2778130e+00	   2.0495600e+00	
   5.3532188e+02	  -5.4002137e+00	   2.0192785e+00	
   5.3690938e+02	  -5.5222771e+00	   1.9901336e+00	
   5.3849650e+02	  -5.6440151e+00	   1.9620487e+00	
   5.4008385e+02	  -5.7654324e+00	   1.9349551e+00	
   5.4167089e+02	  -5.8865326e+00	   1.9087935e+00	
   5.4325800e+02	  -6.0073211e+00	   1.8834997e+00	
   5.4484486e+02	  -6.1278202e+00	   1.8590070e+00	
   5.4643186e+02	  -6.2480432e+00	   1.8352575e+00	
   5.4801869e+02	  -6.3680004e+00	   1.8121983e+00	
   5.4960526e+02	  -6.4877215e+00	   1.7897698e+00	
   5.5119198e+02	  -6.6072292e+00	   1.7679171e+00	
   5.5277852e+02	  -6.7265807e+00	   1.7465961e+00	
   5.5436505e+02	  -6.8458194e+00	   1.7257887e+00	
   5.5595124e+02	  -6.9649777e+00	   1.7054832e+00	
   5.5753776e+02	  -7.0840765e+00	   1.6856747e+00	
   5.5912377e+02	  -7.2031320e+00	   1.6663505e+00	
   5.6070996e+02	  -7.3221644e+00	   1.6475124e+00	
   5.6229600e+02	  -7.4411736e+00	   1.6291476e+00	
   5.6388205e+02	  -7.5601748e+00	   1.6112487e+00	
   5.6546780e+02	  -7.6791785e+00	   1.5938061e+00	
   5.6705367e+02	  -7.7981824e+00	   1.5768186e+00	
   5.6863933e+02	  -7.9171911e+00	   1.5602734e+00	
   5.7022497e+02	  -8.0362082e+00	   1.5441672e+00	
   5.7181051e+02	  -8.1552485e+00	   1.5284970e+00	
   5.7339588e+02	  -8.2742882e+00	   1.5132433e+00	
   5.7498126e+02	  -8.3933411e+00	   1.4984119e+00	
   5.7656659e+02	  -8.5123934e+00	   1.4839940e+00	
   5.7815178e+02	  -8.6314425e+00	   1.4699805e+00	
   5.7973677e+02	  -8.7504805e+00	   1.4563549e+00	
   5.8132175e+02	  -8.8694874e+00	   1.4430988e+00	
   5.8290665e+02	  -8.9884606e+00	   1.4301938e+00	
   5.8449140e+02	  -9.1074170e+00	   1.4176040e+00	
   5.8607593e+02	  -9.2263348e+00	   1.4053252e+00	
   5.8766071e+02	  -9.3452367e+00	   1.3933256e+00	
   5.8924513e+02	  -9.4641135e+00	   1.3815940e+00	
   5.9082938e+02	  -9.5829755e+00	   1.3701075e+00	
   5.9241369e+02	  -9.7018388e+00	   1.3588487e+00	
   5.9399797e+02	  -9.8206954e+00	   1.3477978e+00	
   5.9558217e+02	  -9.9395616e+00	   1.3369417e+00	
   5.9716593e+02	  -1.0058448e+01	   1.3262601e+00	
   5.9875003e+02	  -1.0177361e+01	   1.3157377e+00	
   6.0033384e+02	  -1.0296316e+01	   1.3053592e+00	
   6.0191729e+02	  -1.0415326e+01	   1.2951081e+00	
   6.0350118e+02	  -1.0534402e+01	   1.2849741e+00	
   6.0508456e+02	  -1.0653564e+01	   1.2749396e+00	
   6.0666797e+02	  -1.0772832e+01	   1.2649868e+00	
   6.0825103e+02	  -1.0892223e+01	   1.2551167e+00	
   6.0983428e+02	  -1.1011772e+01	   1.2453308e+00	
   6.1141734e+02	  -1.1131484e+01	   1.2356358e+00	
   6.1300047e+02	  -1.1251374e+01	   1.2260250e+00	
   6.1458328e+02	  -1.1371457e+01	   1.2165115e+00	
   6.1616602e+02	  -1.1491738e+01	   1.2070947e+00	
   6.1774862e+02	  -1.1612221e+01	   1.1977804e+00	
   6.1933102e+02	  -1.1732921e+01	   1.1885609e+00	
   6.2091347e+02	  -1.1853853e+01	   1.1794492e+00	
   6.2249589e+02	  -1.1975019e+01	   1.1704367e+00	
   6.2407792e+02	  -1.2096414e+01	   1.1615421e+00	
   6.2566012e+02	  -1.2218055e+01	   1.1527504e+00	
   6.2724210e+02	  -1.2339944e+01	   1.1440733e+00	
   6.2882382e+02	  -1.2462099e+01	   1.1355095e+00	
   6.3040552e+02	  -1.2584509e+01	   1.1270631e+00	
   6.3198715e+02	  -1.2707197e+01	   1.1187398e+00	
   6.3356864e+02	  -1.2830154e+01	   1.1105293e+00	
   6.3515025e+02	  -1.2953396e+01	   1.1024439e+00	
   6.3673128e+02	  -1.3076928e+01	   1.0944809e+00	
   6.3831264e+02	  -1.3200775e+01	   1.0866383e+00	
   6.3989361e+02	  -1.3324920e+01	   1.0789341e+00	
   6.4147448e+02	  -1.3449410e+01	   1.0713818e+00	
   6.4305550e+02	  -1.3574220e+01	   1.0639921e+00	
   6.4463596e+02	  -1.3699377e+01	   1.0567777e+00	
   6.4621679e+02	  -1.3824855e+01	   1.0497571e+00	
   6.4779727e+02	  -1.3950675e+01	   1.0429281e+00	
   6.4937734e+02	  -1.4076825e+01	   1.0363175e+00	
   6.5095762e+02	  -1.4203303e+01	   1.0299298e+00	
   6.5253771e+02	  -1.4330106e+01	   1.0237774e+00	
   6.5411755e+02	  -1.4457232e+01	   1.0178725e+00	
   6.5569743e+02	  -1.4584670e+01	   1.0122199e+00	
   6.5727729e+02	  -1.4712417e+01	   1.0068397e+00	
   6.5885673e+02	  -1.4840463e+01	   1.0017289e+00	
   6.6043640e+02	  -1.4968804e+01	   9.9690787e-01	
   6.6201552e+02	  -1.5097431e+01	   9.9238155e-01	
   6.6359476e+02	  -1.5226325e+01	   9.8815446e-01	
   6.6517370e+02	  -1.5355474e+01	   9.8423928e-01	
   6.6675264e+02	  -1.5484868e+01	   9.8064879e-01	
   6.6833153e+02	  -1.5614511e+01	   9.7738056e-01	
   6.6991031e+02	  -1.5744360e+01	   9.7444642e-01	
   6.7148893e+02	  -1.5874403e+01	   9.7185933e-01	
   6.7306734e+02	  -1.6004614e+01	   9.6961584e-01	
   6.7464548e+02	  -1.6134963e+01	   9.6771238e-01	
   6.7622365e+02	  -1.6265431e+01	   9.6612934e-01	
   6.7780182e+02	  -1.6395981e+01	   9.6484622e-01	
   6.7937955e+02	  -1.6526627e+01	   9.6385168e-01	
   6.8095754e+02	  -1.6657338e+01	   9.6312475e-01	
   6.8253499e+02	  -1.6788127e+01	   9.6265344e-01	
   6.8411259e+02	  -1.6918965e+01	   9.6241605e-01	
   6.8568991e+02	  -1.7049872e+01	   9.6240018e-01	
   6.8726729e+02	  -1.7180828e+01	   9.6258366e-01	
   6.8884428e+02	  -1.7311835e+01	   9.6296962e-01	
   6.9042123e+02	  -1.7442898e+01	   9.6351936e-01	
   6.9199807e+02	  -1.7574004e+01	   9.6423504e-01	
   6.9357476e+02	  -1.7705174e+01	   9.6509445e-01	
   6.9515125e+02	  -1.7836395e+01	   9.6609097e-01	
   6.9672748e+02	  -1.7967671e+01	   9.6720984e-01	
   6.9830379e+02	  -1.8099007e+01	   9.6843601e-01	
   6.9988014e+02	  -1.8230416e+01	   9.6976296e-01	
   7.0145609e+02	  -1.8361893e+01	   9.7116643e-01	
   7.0303197e+02	  -1.8493452e+01	   9.7263944e-01	
   7.0460734e+02	  -1.8625089e+01	   9.7418307e-01	
   7.0618295e+02	  -1.8756826e+01	   9.7576439e-01	
   7.0775835e+02	  -1.8888677e+01	   9.7739325e-01	
   7.0933348e+02	  -1.9020640e+01	   9.7904425e-01	
   7.1090872e+02	  -1.9152736e+01	   9.8070981e-01	
   7.1248360e+02	  -1.9284980e+01	   9.8239078e-01	
   7.1405848e+02	  -1.9417413e+01	   9.8407986e-01	
   7.1563290e+02	  -1.9550032e+01	   9.8580390e-01	
   7.1720764e+02	  -1.9682861e+01	   9.8755526e-01	
   7.1878183e+02	  -1.9815888e+01	   9.8934310e-01	
   7.2035624e+02	  -1.9949147e+01	   9.9117782e-01	
   7.2193043e+02	  -2.0082617e+01	   9.9306859e-01	
   7.2350390e+02	  -2.0216323e+01	   9.9502580e-01	
   7.2507789e+02	  -2.0350252e+01	   9.9705909e-01	
   7.2665151e+02	  -2.0484423e+01	   9.9916075e-01	
   7.2822470e+02	  -2.0618822e+01	   1.0013496e+00	
   7.2979827e+02	  -2.0753457e+01	   1.0036267e+00	
   7.3137132e+02	  -2.0888326e+01	   1.0060024e+00	
   7.3294423e+02	  -2.1023437e+01	   1.0084778e+00	
   7.3451697e+02	  -2.1158786e+01	   1.0110633e+00	
   7.3608991e+02	  -2.1294363e+01	   1.0137690e+00	
   7.3766214e+02	  -2.1430166e+01	   1.0165870e+00	
   7.3923449e+02	  -2.1566212e+01	   1.0195373e+00	
   7.4080692e+02	  -2.1702479e+01	   1.0226209e+00	
   7.4237894e+02	  -2.1838966e+01	   1.0258390e+00	
   7.4395095e+02	  -2.1975681e+01	   1.0292027e+00	
   7.4552246e+02	  -2.2112611e+01	   1.0327037e+00	
   7.4709387e+02	  -2.2249737e+01	   1.0363616e+00	
   7.4866559e+02	  -2.2387093e+01	   1.0401790e+00	
   7.5023667e+02	  -2.2524630e+01	   1.0441561e+00	
   7.5180752e+02	  -2.2662366e+01	   1.0482948e+00	
   7.5337856e+02	  -2.2800288e+01	   1.0525964e+00	
   7.5494927e+02	  -2.2938385e+01	   1.0570814e+00	
   7.5652009e+02	  -2.3076636e+01	   1.0617412e+00	
   7.5809051e+02	  -2.3215028e+01	   1.0665579e+00	
   7.5966048e+02	  -2.3353560e+01	   1.0715425e+00	
   7.6123042e+02	  -2.3492229e+01	   1.0766772e+00	
   7.6280076e+02	  -2.3631013e+01	   1.0819625e+00	
   7.6437053e+02	  -2.3769930e+01	   1.0873809e+00	
   7.6594015e+02	  -2.3908947e+01	   1.0929326e+00	
   7.6750910e+02	  -2.4048083e+01	   1.0986094e+00	
   7.6907876e+02	  -2.4187335e+01	   1.1044122e+00	
   7.7064768e+02	  -2.4326690e+01	   1.1103221e+00	
   7.7221627e+02	  -2.4466157e+01	   1.1163400e+00	
   7.7378498e+02	  -2.4605722e+01	   1.1224568e+00	
   7.7535378e+02	  -2.4745394e+01	   1.1286731e+00	
   7.7692214e+02	  -2.4885170e+01	   1.1349799e+00	
   7.7849050e+02	  -2.5025047e+01	   1.1413677e+00	
   7.8005833e+02	  -2.5165034e+01	   1.1478272e+00	
   7.8162608e+02	  -2.5305129e+01	   1.1543690e+00	
   7.8319372e+02	  -2.5445318e+01	   1.1609832e+00	
   7.8476120e+02	  -2.5585610e+01	   1.1676503e+00	
   7.8632849e+02	  -2.5726012e+01	   1.1743809e+00	
   7.8789604e+02	  -2.5866514e+01	   1.1811549e+00	
   7.8946281e+02	  -2.6007131e+01	   1.1879933e+00	
   7.9102977e+02	  -2.6147863e+01	   1.1948657e+00	
   7.9259638e+02	  -2.6288698e+01	   1.2017720e+00	
   7.9416259e+02	  -2.6429642e+01	   1.2087229e+00	
   7.9572887e+02	  -2.6570706e+01	   1.2156981e+00	
   7.9729468e+02	  -2.6711886e+01	   1.2226977e+00	
   7.9886101e+02	  -2.6853191e+01	   1.2297220e+00	
   8.0042626e+02	  -2.6994619e+01	   1.2367710e+00	
   8.0199196e+02	  -2.7136180e+01	   1.2438240e+00	
   8.0355754e+02	  -2.7277859e+01	   1.2508912e+00	
   8.0512245e+02	  -2.7419667e+01	   1.2579623e+00	
   8.0668716e+02	  -2.7561622e+01	   1.2650377e+00	
   8.0825218e+02	  -2.7703734e+01	   1.2721174e+00	
   8.0981693e+02	  -2.7845989e+01	   1.2792011e+00	
   8.1138138e+02	  -2.7988387e+01	   1.2862992e+00	
   8.1294549e+02	  -2.8130946e+01	   1.2933910e+00	
   8.1450923e+02	  -2.8273665e+01	   1.3004976e+00	
   8.1607308e+02	  -2.8416544e+01	   1.3075975e+00	
   8.1763701e+02	  -2.8559579e+01	   1.3147120e+00	
   8.1920046e+02	  -2.8702771e+01	   1.3218195e+00	
   8.2076337e+02	  -2.8846137e+01	   1.3289419e+00	
   8.2232681e+02	  -2.8989668e+01	   1.3360681e+00	
   8.2388965e+02	  -2.9133360e+01	   1.3431980e+00	
   8.2545239e+02	  -2.9277235e+01	   1.3503319e+00	
   8.2701500e+02	  -2.9421279e+01	   1.3574695e+00	
   8.2857690e+02	  -2.9565482e+01	   1.3646214e+00	
   8.3013915e+02	  -2.9709863e+01	   1.3717661e+00	
   8.3170116e+02	  -2.9854421e+01	   1.3789144e+00	
   8.3326290e+02	  -2.9999155e+01	   1.3860771e+00	
   8.3482434e+02	  -3.0144063e+01	   1.3932433e+00	
   8.3638543e+02	  -3.0289155e+01	   1.4004131e+00	
   8.3794671e+02	  -3.0434420e+01	   1.4075750e+00	
   8.3950757e+02	  -3.0579855e+01	   1.4147510e+00	
   8.4106856e+02	  -3.0725470e+01	   1.4219414e+00	
   8.4262906e+02	  -3.0871276e+01	   1.4291241e+00	
   8.4418904e+02	  -3.1017261e+01	   1.4363098e+00	
   8.4574904e+02	  -3.1163422e+01	   1.4435096e+00	
   8.4730902e+02	  -3.1309770e+01	   1.4507124e+00	
   8.4886896e+02	  -3.1456294e+01	   1.4579069e+00	
   8.5042823e+02	  -3.1603013e+01	   1.4651156e+00	
   8.5198798e+02	  -3.1749916e+01	   1.4723272e+00	
   8.5354699e+02	  -3.1896990e+01	   1.4795525e+00	
   8.5510582e+02	  -3.2044258e+01	   1.4867693e+00	
   8.5666443e+02	  -3.2191706e+01	   1.4939887e+00	
   8.5822280e+02	  -3.2339344e+01	   1.5012220e+00	
   8.5978089e+02	  -3.2487150e+01	   1.5084574e+00	
   8.6133925e+02	  -3.2635155e+01	   1.5156955e+00	
   8.6289728e+02	  -3.2783349e+01	   1.5229360e+00	
   8.6445492e+02	  -3.2931706e+01	   1.5301782e+00	
   8.6601214e+02	  -3.3080249e+01	   1.5374111e+00	
   8.6756952e+02	  -3.3228976e+01	   1.5446575e+00	
   8.6912642e+02	  -3.3377887e+01	   1.5518943e+00	
   8.7068342e+02	  -3.3526981e+01	   1.5591213e+00	
   8.7223987e+02	  -3.3676257e+01	   1.5663500e+00	
   8.7379635e+02	  -3.3825725e+01	   1.5735688e+00	
   8.7535221e+02	  -3.3975373e+01	   1.5807774e+00	
   8.7690867e+02	  -3.4125200e+01	   1.5879755e+00	
   8.7846444e+02	  -3.4275228e+01	   1.5951752e+00	
   8.8001950e+02	  -3.4425434e+01	   1.6023525e+00	
   8.8157506e+02	  -3.4575839e+01	   1.6095075e+00	
   8.8312983e+02	  -3.4726419e+01	   1.6166513e+00	
   8.8468505e+02	  -3.4877197e+01	   1.6237843e+00	
   8.8623943e+02	  -3.5028173e+01	   1.6309063e+00	
   8.8779419e+02	  -3.5179332e+01	   1.6379931e+00	
   8.8934803e+02	  -3.5330711e+01	   1.6450690e+00	
   8.9090220e+02	  -3.5482272e+01	   1.6521329e+00	
   8.9245604e+02	  -3.5634016e+01	   1.6591609e+00	
   8.9400950e+02	  -3.5785976e+01	   1.6661654e+00	
   8.9556320e+02	  -3.5938129e+01	   1.6731577e+00	
   8.9711582e+02	  -3.6090497e+01	   1.6801139e+00	
   8.9866862e+02	  -3.6243056e+01	   1.6870574e+00	
   9.0022158e+02	  -3.6395828e+01	   1.6939644e+00	
   9.0177401e+02	  -3.6548802e+01	   1.7008464e+00	
   9.0332654e+02	  -3.6702001e+01	   1.7076917e+00	
   9.0487848e+02	  -3.6855400e+01	   1.7145235e+00	
   9.0642980e+02	  -3.7009022e+01	   1.7213180e+00	
   9.0798179e+02	  -3.7162855e+01	   1.7280745e+00	
   9.0953310e+02	  -3.7316886e+01	   1.7348048e+00	
   9.1108370e+02	  -3.7471175e+01	   1.7414977e+00	
   9.1263488e+02	  -3.7625661e+01	   1.7481637e+00	
   9.1418530e+02	  -3.7780391e+01	   1.7547915e+00	
   9.1573558e+02	  -3.7935330e+01	   1.7613922e+00	
   9.1728569e+02	  -3.8090512e+01	   1.7679417e+00	
   9.1883562e+02	  -3.8245926e+01	   1.7744642e+00	
   9.2038533e+02	  -3.8401583e+01	   1.7809472e+00	
   9.2193479e+02	  -3.8557470e+01	   1.7874026e+00	
   9.2348397e+02	  -3.8713599e+01	   1.7938055e+00	
   9.2503353e+02	  -3.8869995e+01	   1.8001812e+00	
   9.2658208e+02	  -3.9026645e+01	   1.8065040e+00	
   9.2813025e+02	  -3.9183548e+01	   1.8127986e+00	
   9.2967873e+02	  -3.9340742e+01	   1.8190657e+00	
   9.3122679e+02	  -3.9498188e+01	   1.8253041e+00	
   9.3277510e+02	  -3.9655937e+01	   1.8315275e+00	
   9.3432224e+02	  -3.9813938e+01	   1.8377344e+00	
   9.3586956e+02	  -3.9972228e+01	   1.8439256e+00	
   9.3741706e+02	  -4.0130807e+01	   1.8501010e+00	
   9.3896400e+02	  -4.0289675e+01	   1.8562858e+00	
   9.4051035e+02	  -4.0448806e+01	   1.8624793e+00	
   9.4205678e+02	  -4.0608238e+01	   1.8686571e+00	
   9.4360256e+02	  -4.0767946e+01	   1.8748566e+00	
   9.4514838e+02	  -4.0927953e+01	   1.8810785e+00	
   9.4669422e+02	  -4.1088249e+01	   1.8873098e+00	
   9.4824004e+02	  -4.1248818e+01	   1.8935631e+00	
   9.4978510e+02	  -4.1409675e+01	   1.8998386e+00	
   9.5133009e+02	  -4.1570806e+01	   1.9061491e+00	
   9.5287426e+02	  -4.1732236e+01	   1.9124953e+00	
   9.5441904e+02	  -4.1893952e+01	   1.9188771e+00	
   9.5596294e+02	  -4.2055941e+01	   1.9252942e+00	
   9.5750741e+02	  -4.2218217e+01	   1.9317473e+00	
   9.5905094e+02	  -4.2380764e+01	   1.9382621e+00	
   9.6059424e+02	  -4.2543598e+01	   1.9448131e+00	
   9.6213730e+02	  -4.2706729e+01	   1.9514270e+00	
   9.6368007e+02	  -4.2870092e+01	   1.9581025e+00	
   9.6522329e+02	  -4.3033754e+01	   1.9648283e+00	
   9.6676544e+02	  -4.3197699e+01	   1.9716175e+00	
   9.6830798e+02	  -4.3361903e+01	   1.9784698e+00	
   9.6984938e+02	  -4.3526364e+01	   1.9853855e+00	
   9.7139113e+02	  -4.3691121e+01	   1.9923789e+00	
   9.7293245e+02	  -4.3856109e+01	   1.9994491e+00	
   9.7447407e+02	  -4.4021380e+01	   2.0065841e+00	
   9.7601443e+02	  -4.4186920e+01	   2.0138108e+00	
   9.7755505e+02	  -4.4352702e+01	   2.0211155e+00	
   9.7909590e+02	  -4.4518740e+01	   2.0284989e+00	
   9.8063619e+02	  -4.4685034e+01	   2.0359614e+00	
   9.8217588e+02	  -4.4851581e+01	   2.0435302e+00	
   9.8371574e+02	  -4.5018370e+01	   2.0511786e+00	
   9.8525495e+02	  -4.5185399e+01	   2.0589204e+00	
   9.8679427e+02	  -4.5352668e+01	   2.0667562e+00	
   9.8833289e+02	  -4.5520177e+01	   2.0746862e+00	
   9.8987158e+02	  -4.5687925e+01	   2.0827245e+00	
   9.9140952e+02	  -4.5855912e+01	   2.0908581e+00	
   9.9294826e+02	  -4.6024123e+01	   2.0991006e+00	
   9.9448541e+02	  -4.6192532e+01	   2.1074384e+00	
   9.9602333e+02	  -4.6361178e+01	   2.1159000e+00	
   9.9756039e+02	  -4.6530034e+01	   2.1244581e+00	
   9.9909737e+02	  -4.6699085e+01	   2.1331265e+00	
   1.0099730e+03	  -4.7901491e+01	   2.1976224e+00	
   1.0134122e+03	  -4.8283870e+01	   2.2190561e+00	
   1.0168514e+03	  -4.8667092e+01	   2.2409239e+00	
   1.0202890e+03	  -4.9051135e+01	   2.2631593e+00	
   1.0237261e+03	  -4.9435992e+01	   2.2857653e+00	
   1.0271618e+03	  -4.9821656e+01	   2.3086744e+00	
   1.0305976e+03	  -5.0208104e+01	   2.3318741e+00	
   1.0340322e+03	  -5.0595330e+01	   2.3553238e+00	
   1.0374655e+03	  -5.0983355e+01	   2.3790113e+00	
   1.0408990e+03	  -5.1372128e+01	   2.4028798e+00	
   1.0443306e+03	  -5.1761713e+01	   2.4269026e+00	
   1.0477620e+03	  -5.2152076e+01	   2.4510795e+00	
   1.0511927e+03	  -5.2543237e+01	   2.4753680e+00	
   1.0546227e+03	  -5.2935205e+01	   2.4997247e+00	
   1.0580517e+03	  -5.3327972e+01	   2.5241636e+00	
   1.0614803e+03	  -5.3721561e+01	   2.5486262e+00	
   1.0649074e+03	  -5.4115982e+01	   2.5731119e+00	
   1.0683346e+03	  -5.4511226e+01	   2.5975901e+00	
   1.0717608e+03	  -5.4907348e+01	   2.6220310e+00	
   1.0751867e+03	  -5.5304342e+01	   2.6464332e+00	
   1.0786111e+03	  -5.5702232e+01	   2.6707656e+00	
   1.0820356e+03	  -5.6101043e+01	   2.6950122e+00	
   1.0854592e+03	  -5.6500770e+01	   2.7191557e+00	
   1.0888825e+03	  -5.6901467e+01	   2.7431802e+00	
   1.0923043e+03	  -5.7303192e+01	   2.7670847e+00	
   1.0957264e+03	  -5.7705925e+01	   2.7908362e+00	
   1.0991477e+03	  -5.8109738e+01	   2.8144795e+00	
   1.1025678e+03	  -5.8514626e+01	   2.8380278e+00	
   1.1059875e+03	  -5.8920633e+01	   2.8614493e+00	
   1.1094067e+03	  -5.9327740e+01	   2.8848031e+00	
   1.1128261e+03	  -5.9735989e+01	   2.9080732e+00	
   1.1162446e+03	  -6.0145409e+01	   2.9312583e+00	
   1.1196618e+03	  -6.0555935e+01	   2.9543864e+00	
   1.1230787e+03	  -6.0967673e+01	   2.9774586e+00	
   1.1264961e+03	  -6.1380575e+01	   3.0004722e+00	
   1.1299116e+03	  -6.1794637e+01	   3.0234573e+00	
   1.1333272e+03	  -6.2209904e+01	   3.0463979e+00	
   1.1367427e+03	  -6.2626390e+01	   3.0693248e+00	
   1.1401579e+03	  -6.3044062e+01	   3.0922204e+00	
   1.1435715e+03	  -6.3462964e+01	   3.1151166e+00	
   1.1469854e+03	  -6.3883048e+01	   3.1379792e+00	
   1.1503995e+03	  -6.4304392e+01	   3.1608574e+00	
   1.1538114e+03	  -6.4726944e+01	   3.1837491e+00	
   1.1572242e+03	  -6.5150754e+01	   3.2066227e+00	
   1.1606365e+03	  -6.5575770e+01	   3.2295246e+00	
   1.1640484e+03	  -6.6002071e+01	   3.2524561e+00	
   1.1674594e+03	  -6.6429608e+01	   3.2753994e+00	
   1.1708706e+03	  -6.6858412e+01	   3.2983709e+00	
   1.1742817e+03	  -6.7288465e+01	   3.3213860e+00	
   1.1776916e+03	  -6.7719782e+01	   3.3444285e+00	
   1.1811010e+03	  -6.8152380e+01	   3.3675147e+00	
   1.1845110e+03	  -6.8586255e+01	   3.3906609e+00	
   1.1879203e+03	  -6.9021426e+01	   3.4138340e+00	
   1.1913297e+03	  -6.9457872e+01	   3.4370831e+00	
   1.1947381e+03	  -6.9895662e+01	   3.4603764e+00	
   1.1981464e+03	  -7.0334743e+01	   3.4837292e+00	
   1.2015543e+03	  -7.0775149e+01	   3.5071589e+00	
   1.2049630e+03	  -7.1216911e+01	   3.5306832e+00	
   1.2083699e+03	  -7.1660014e+01	   3.5543187e+00	
   1.2117783e+03	  -7.2104490e+01	   3.5780668e+00	
   1.2151846e+03	  -7.2550287e+01	   3.6019433e+00	
   1.2185921e+03	  -7.2997474e+01	   3.6259847e+00	
   1.2219995e+03	  -7.3446015e+01	   3.6501909e+00	
   1.2254054e+03	  -7.3895893e+01	   3.6745795e+00	
   1.2288121e+03	  -7.4347142e+01	   3.6991522e+00	
   1.2322181e+03	  -7.4799727e+01	   3.7239091e+00	
   1.2356247e+03	  -7.5253664e+01	   3.7489037e+00	
   1.2390303e+03	  -7.5708972e+01	   3.7741204e+00	
   1.2424361e+03	  -7.6165579e+01	   3.7995588e+00	
   1.2458418e+03	  -7.6623554e+01	   3.8252567e+00	
   1.2492475e+03	  -7.7082845e+01	   3.8511970e+00	
   1.2526527e+03	  -7.7543469e+01	   3.8774167e+00	
   1.2560588e+03	  -7.8005425e+01	   3.9038998e+00	
   1.2594643e+03	  -7.8468695e+01	   3.9306652e+00	
   1.2628690e+03	  -7.8933278e+01	   3.9577324e+00	
   1.2662741e+03	  -7.9399155e+01	   3.9851027e+00	
   1.2696793e+03	  -7.9866327e+01	   4.0127603e+00	
   1.2730847e+03	  -8.0334826e+01	   4.0407435e+00	
   1.2764899e+03	  -8.0804565e+01	   4.0690521e+00	
   1.2798949e+03	  -8.1275630e+01	   4.0976905e+00	
   1.2832995e+03	  -8.1747932e+01	   4.1266583e+00	
   1.2867050e+03	  -8.2221487e+01	   4.1559580e+00	
   1.2901110e+03	  -8.2696330e+01	   4.1856289e+00	
   1.2935150e+03	  -8.3172388e+01	   4.2156350e+00	
   1.2969206e+03	  -8.3649696e+01	   4.2459976e+00	
   1.3003266e+03	  -8.4128216e+01	   4.2767178e+00	
   1.3037312e+03	  -8.4607983e+01	   4.3078172e+00	
   1.3071372e+03	  -8.5088941e+01	   4.3392966e+00	
   1.3105430e+03	  -8.5571088e+01	   4.3711399e+00	
   1.3139486e+03	  -8.6054405e+01	   4.4033672e+00	
   1.3173536e+03	  -8.6538908e+01	   4.4359814e+00	
   1.3207595e+03	  -8.7024540e+01	   4.4689646e+00	
   1.3241661e+03	  -8.7511335e+01	   4.5023572e+00	
   1.3275718e+03	  -8.7999218e+01	   4.5361412e+00	
   1.3309779e+03	  -8.8488186e+01	   4.5702998e+00	
   1.3343843e+03	  -8.8978219e+01	   4.6048158e+00	
   1.3377923e+03	  -8.9469296e+01	   4.6396718e+00	
   1.3411990e+03	  -8.9961434e+01	   4.6748510e+00	
   1.3446055e+03	  -9.0454612e+01	   4.7103354e+00	
   1.3480132e+03	  -9.0948808e+01	   4.7461261e+00	
   1.3514206e+03	  -9.1444040e+01	   4.7821676e+00	
   1.3548289e+03	  -9.1940305e+01	   4.8184800e+00	
   1.3582366e+03	  -9.2437582e+01	   4.8550447e+00	
   1.3616451e+03	  -9.2935889e+01	   4.8918247e+00	
   1.3650527e+03	  -9.3435242e+01	   4.9288210e+00	
   1.3684623e+03	  -9.3935620e+01	   4.9660145e+00	
   1.3718707e+03	  -9.4437002e+01	   5.0033857e+00	
   1.3752809e+03	  -9.4939462e+01	   5.0409565e+00	
   1.3786912e+03	  -9.5442941e+01	   5.0786672e+00	
   1.3821000e+03	  -9.5947495e+01	   5.1165391e+00	
   1.3855103e+03	  -9.6453064e+01	   5.1545314e+00	
   1.3889218e+03	  -9.6959725e+01	   5.1926461e+00	
   1.3923330e+03	  -9.7467436e+01	   5.2308822e+00	
   1.3957452e+03	  -9.7976236e+01	   5.2692009e+00	
   1.3991569e+03	  -9.8486121e+01	   5.3076217e+00	
   1.4025694e+03	  -9.8997092e+01	   5.3461245e+00	
   1.4059810e+03	  -9.9509146e+01	   5.3846889e+00	
   1.4093949e+03	  -1.0002232e+02	   5.4233154e+00	
   1.4128077e+03	  -1.0053668e+02	   5.4619851e+00	
   1.4162225e+03	  -1.0105212e+02	   5.5006946e+00	
   1.4196359e+03	  -1.0156871e+02	   5.5394252e+00	
   1.4230512e+03	  -1.0208644e+02	   5.5781755e+00	
   1.4264665e+03	  -1.0260537e+02	   5.6169260e+00	
   1.4298834e+03	  -1.0312548e+02	   5.6556956e+00	
   1.4332985e+03	  -1.0364680e+02	   5.6944439e+00	
   1.4367166e+03	  -1.0416932e+02	   5.7331895e+00	
   1.4401326e+03	  -1.0469307e+02	   5.7718918e+00	
   1.4435515e+03	  -1.0521808e+02	   5.8105704e+00	
   1.4469698e+03	  -1.0574434e+02	   5.8492244e+00	
   1.4503890e+03	  -1.0627190e+02	   5.8878125e+00	
   1.4538091e+03	  -1.0680074e+02	   5.9263534e+00	
   1.4572283e+03	  -1.0733093e+02	   5.9648275e+00	
   1.4606498e+03	  -1.0786246e+02	   6.0032327e+00	
   1.4640701e+03	  -1.0839533e+02	   6.0415678e+00	
   1.4674925e+03	  -1.0892963e+02	   6.0798129e+00	
   1.4709153e+03	  -1.0946535e+02	   6.1179872e+00	
   1.4743383e+03	  -1.1000249e+02	   6.1560475e+00	
   1.4777632e+03	  -1.1054114e+02	   6.1940156e+00	
   1.4811864e+03	  -1.1108128e+02	   6.2318894e+00	
   1.4846130e+03	  -1.1162304e+02	   6.2696286e+00	
   1.4880376e+03	  -1.1216640e+02	   6.3072733e+00	
   1.4914637e+03	  -1.1271149e+02	   6.3448680e+00	
   1.4948912e+03	  -1.1325829e+02	   6.3824325e+00	
   1.4983201e+03	  -1.1380690e+02	   6.4200327e+00	
   1.5017483e+03	  -1.1435727e+02	   6.4576877e+00	
   1.5051776e+03	  -1.1490948e+02	   6.4954641e+00	
   1.5086079e+03	  -1.1546349e+02	   6.5334036e+00	
   1.5120392e+03	  -1.1601935e+02	   6.5715511e+00	
   1.5154712e+03	  -1.1657705e+02	   6.6099290e+00	
   1.5189040e+03	  -1.1713659e+02	   6.6485592e+00	
   1.5223356e+03	  -1.1769799e+02	   6.6875302e+00	
   1.5257696e+03	  -1.1826122e+02	   6.7268431e+00	
   1.5292058e+03	  -1.1882635e+02	   6.7665452e+00	
   1.5326406e+03	  -1.1939330e+02	   6.8066578e+00	
   1.5360775e+03	  -1.1996210e+02	   6.8472276e+00	
   1.5395145e+03	  -1.2053272e+02	   6.8882783e+00	
   1.5429536e+03	  -1.2110519e+02	   6.9298574e+00	
   1.5463925e+03	  -1.2167951e+02	   6.9719677e+00	
   1.5498314e+03	  -1.2225565e+02	   7.0146773e+00	
   1.5532739e+03	  -1.2283357e+02	   7.0579892e+00	
   1.5567141e+03	  -1.2341331e+02	   7.1019295e+00	
   1.5601579e+03	  -1.2399480e+02	   7.1465445e+00	
   1.5636011e+03	  -1.2457810e+02	   7.1918400e+00	
   1.5670457e+03	  -1.2516312e+02	   7.2378615e+00	
   1.5704916e+03	  -1.2574994e+02	   7.2846159e+00	
   1.5739387e+03	  -1.2633843e+02	   7.3321484e+00	
   1.5773849e+03	  -1.2692865e+02	   7.3804655e+00	
   1.5808341e+03	  -1.2752059e+02	   7.4295937e+00	
   1.5842823e+03	  -1.2811419e+02	   7.4795584e+00	
   1.5877333e+03	  -1.2870950e+02	   7.5303890e+00	
   1.5911851e+03	  -1.2930640e+02	   7.5820868e+00	
   1.5946376e+03	  -1.2990493e+02	   7.6346807e+00	
   1.5980906e+03	  -1.3050509e+02	   7.6882217e+00	
   1.6015442e+03	  -1.3110682e+02	   7.7426902e+00	
   1.6050003e+03	  -1.3171014e+02	   7.7980924e+00	
   1.6084567e+03	  -1.3231502e+02	   7.8545018e+00	
   1.6119155e+03	  -1.3292141e+02	   7.9118991e+00	
   1.6153744e+03	  -1.3352929e+02	   7.9702900e+00	
   1.6188334e+03	  -1.3413867e+02	   8.0297263e+00	
   1.6222946e+03	  -1.3474950e+02	   8.0902126e+00	
   1.6257577e+03	  -1.3536174e+02	   8.1517535e+00	
   1.6292207e+03	  -1.3597541e+02	   8.2143554e+00	
   1.6326856e+03	  -1.3659049e+02	   8.2780469e+00	
   1.6361502e+03	  -1.3720690e+02	   8.3428554e+00	
   1.6396186e+03	  -1.3782469e+02	   8.4087651e+00	
   1.6430865e+03	  -1.3844372e+02	   8.4758010e+00	
   1.6465538e+03	  -1.3906405e+02	   8.5439953e+00	
   1.6500248e+03	  -1.3968567e+02	   8.6133296e+00	
   1.6534973e+03	  -1.4030851e+02	   8.6838318e+00	
   1.6569689e+03	  -1.4093252e+02	   8.7555310e+00	
   1.6604439e+03	  -1.4155768e+02	   8.8283846e+00	
   1.6639180e+03	  -1.4218399e+02	   8.9024709e+00	
   1.6673954e+03	  -1.4281139e+02	   8.9777464e+00	
   1.6708739e+03	  -1.4343984e+02	   9.0542405e+00	
   1.6743533e+03	  -1.4406933e+02	   9.1319587e+00	
   1.6778336e+03	  -1.4469985e+02	   9.2109313e+00	
   1.6813148e+03	  -1.4533120e+02	   9.2911346e+00	
   1.6847990e+03	  -1.4596352e+02	   9.3726035e+00	
   1.6882815e+03	  -1.4659667e+02	   9.4553154e+00	
