250.000000	-1.455682	4.346729
253.250000	-1.462220	4.455921
256.500000	-1.463401	4.563440
259.750000	-1.459206	4.668661
263.000000	-1.449693	4.770930
266.250000	-1.435011	4.869575
269.500000	-1.415408	4.963925
272.750000	-1.391228	5.053320
276.000000	-1.362922	5.137135
279.250000	-1.331040	5.214795
282.500000	-1.296224	5.285798
285.750000	-1.259203	5.349730
289.000000	-1.220772	5.406285
292.250000	-1.181774	5.455276
295.500000	-1.143083	5.496646
298.750000	-1.105575	5.530476
302.000000	-1.070104	5.556980
305.250000	-1.037480	5.576502
308.500000	-1.008444	5.589506
311.750000	-0.983648	5.596561
315.000000	-0.963638	5.598322
318.250000	-0.948846	5.595511
321.500000	-0.939578	5.588892
324.750000	-0.936012	5.579249
328.000000	-0.938204	5.567366
331.250000	-0.946087	5.554006
334.500000	-0.959487	5.539894
337.750000	-0.978126	5.525698
341.000000	-1.001642	5.512025
344.250000	-1.029598	5.499401
347.500000	-1.061499	5.488276
350.750000	-1.096802	5.479010
354.000000	-1.134931	5.471876
357.250000	-1.175294	5.467059
360.500000	-1.217284	5.464658
363.750000	-1.260299	5.464684
367.000000	-1.303749	5.467068
370.250000	-1.347063	5.471664
373.500000	-1.389696	5.478248
376.750000	-1.431143	5.486529
380.000000	-1.470938	5.496151
383.250000	-1.508667	5.506696
386.500000	-1.543969	5.517695
389.750000	-1.576545	5.528628
393.000000	-1.606165	5.538936
396.250000	-1.632670	5.548027
399.500000	-1.655976	5.555282
402.750000	-1.676082	5.560067
406.000000	-1.693069	5.561742
409.250000	-1.707103	5.559670
412.500000	-1.718436	5.553231
415.750000	-1.727404	5.541832
419.000000	-1.734424	5.524918
422.250000	-1.739990	5.501987
425.500000	-1.744666	5.472597
428.750000	-1.749076	5.436379
432.000000	-1.753894	5.393045
435.250000	-1.759834	5.342395
438.500000	-1.767635	5.284324
441.750000	-1.778045	5.218821
445.000000	-1.791810	5.145976
448.250000	-1.809658	5.065970
451.500000	-1.832284	4.979078
454.750000	-1.860339	4.885655
458.000000	-1.894418	4.786135
461.250000	-1.935050	4.681014
464.500000	-1.982692	4.570841
467.750000	-2.037725	4.456206
471.000000	-2.100447	4.337729
474.250000	-2.171077	4.216043
477.500000	-2.249753	4.091784
480.750000	-2.336540	3.965585
484.000000	-2.431430	3.838058
487.250000	-2.534350	3.709791
490.500000	-2.645168	3.581342
493.750000	-2.763703	3.453228
497.000000	-2.889729	3.325926
500.250000	-3.022987	3.199870
503.500000	-3.163186	3.075447
506.750000	-3.310016	2.952999
510.000000	-3.463153	2.832823
513.250000	-3.622261	2.715172
516.500000	-3.787005	2.600259
519.750000	-3.957045	2.488255
523.000000	-4.132050	2.379298
526.250000	-4.311694	2.273492
529.500000	-4.495664	2.170908
532.750000	-4.683655	2.071595
536.000000	-4.875380	1.975574
539.250000	-5.070564	1.882847
542.500000	-5.268948	1.793397
545.750000	-5.470290	1.707191
549.000000	-5.674362	1.624183
552.250000	-5.880954	1.544317
555.500000	-6.089868	1.467525
558.750000	-6.300924	1.393735
562.000000	-6.513956	1.322866
565.250000	-6.728810	1.254836
568.500000	-6.945345	1.189556
571.750000	-7.163435	1.126937
575.000000	-7.382963	1.066889
578.250000	-7.603824	1.009321
581.500000	-7.825922	0.954142
584.750000	-8.049171	0.901261
588.000000	-8.273493	0.850589
591.250000	-8.498819	0.802040
594.500000	-8.725087	0.755528
597.750000	-8.952242	0.710969
601.000000	-9.180234	0.668282
604.250000	-9.409019	0.627388
607.500000	-9.638560	0.588212
610.750000	-9.868823	0.550680
614.000000	-10.099778	0.514721
617.250000	-10.331399	0.480266
620.500000	-10.563665	0.447251
623.750000	-10.796558	0.415613
627.000000	-11.030060	0.385290
630.250000	-11.264159	0.356225
633.500000	-11.498844	0.328363
636.750000	-11.734106	0.301651
640.000000	-11.969938	0.276037
643.250000	-12.206336	0.251475
646.500000	-12.443294	0.227916
649.750000	-12.680812	0.205318
653.000000	-12.918888	0.183637
656.250000	-13.157521	0.162835
659.500000	-13.396714	0.142871
662.750000	-13.636467	0.123711
666.000000	-13.876784	0.105318
669.250000	-14.117668	0.087660
672.500000	-14.359122	0.070704
675.750000	-14.601151	0.054421
679.000000	-14.843759	0.038782
682.250000	-15.086952	0.023759
685.500000	-15.330735	0.009326
688.750000	-15.575114	-0.004542
692.000000	-15.820095	-0.017870
695.250000	-16.065684	-0.030678
698.500000	-16.311887	-0.042991
701.750000	-16.558711	-0.054827
705.000000	-16.806163	-0.066207
708.250000	-17.054248	-0.077150
711.500000	-17.302974	-0.087673
714.750000	-17.552348	-0.097794
718.000000	-17.802375	-0.107529
721.250000	-18.053063	-0.116894
724.500000	-18.304418	-0.125903
727.750000	-18.556448	-0.134572
731.000000	-18.809158	-0.142912
734.250000	-19.062555	-0.150939
737.500000	-19.316645	-0.158663
740.750000	-19.571436	-0.166096
744.000000	-19.826933	-0.173251
747.250000	-20.083142	-0.180138
750.500000	-20.340071	-0.186767
753.750000	-20.597724	-0.193149
757.000000	-20.856108	-0.199292
760.250000	-21.115228	-0.205206
763.500000	-21.375091	-0.210899
766.750000	-21.635702	-0.216381
770.000000	-21.897067	-0.221658
773.250000	-22.159192	-0.226738
776.500000	-22.422080	-0.231630
779.750000	-22.685739	-0.236339
783.000000	-22.950173	-0.240872
786.250000	-23.215387	-0.245236
789.500000	-23.481386	-0.249438
792.750000	-23.748176	-0.253482
796.000000	-24.015760	-0.257375
799.250000	-24.284144	-0.261123
802.500000	-24.553331	-0.264729
805.750000	-24.823328	-0.268200
809.000000	-25.094137	-0.271540
812.250000	-25.365764	-0.274754
815.500000	-25.638212	-0.277846
818.750000	-25.911486	-0.280820
822.000000	-26.185590	-0.283681
825.250000	-26.460527	-0.286433
828.500000	-26.736302	-0.289079
831.750000	-27.012918	-0.291623
835.000000	-27.290379	-0.294068
838.250000	-27.568689	-0.296418
841.500000	-27.847851	-0.298676
844.750000	-28.127868	-0.300846
848.000000	-28.408745	-0.302929
851.250000	-28.690483	-0.304930
854.500000	-28.973087	-0.306850
857.750000	-29.256560	-0.308693
861.000000	-29.540905	-0.310461
864.250000	-29.826124	-0.312156
867.500000	-30.112221	-0.313781
870.750000	-30.399199	-0.315339
874.000000	-30.687060	-0.316831
877.250000	-30.975807	-0.318260
880.500000	-31.265444	-0.319627
883.750000	-31.555972	-0.320935
887.000000	-31.847394	-0.322186
890.250000	-32.139712	-0.323381
893.500000	-32.432930	-0.324522
896.750000	-32.727050	-0.325611